(0, 2, 4, 8, 6, 12, 10, 14, 1, 3, 5, 9, 7, 13, 11, 15): [[788, 670, 464], [426, 190], [251, 664]]
(0, 4, 8, 12, 2, 6, 1, 5, 10, 14, 9, 13, 3, 7, 11, 15): [[821, 660, 53], [493, 810], [176, 564]]
(0, 4, 2, 8, 12, 6, 1, 5, 10, 14, 3, 9, 13, 7, 11, 15): [[977, 864, 64], [803, 670], [194, 423]]
(0, 1, 4, 5, 8, 2, 12, 9, 3, 13, 6, 7, 10, 14, 11, 15): [[184, 429, 239], [308, 892], [862, 385]]
(0, 2, 1, 4, 3, 6, 5, 8, 12, 7, 10, 9, 14, 13, 11, 15): [[443, 905, 314], [929, 464], [286, 154]]
(0, 2, 1, 3, 4, 6, 8, 10, 12, 14, 5, 7, 9, 11, 13, 15): [[219, 690, 662], [513, 9], [483, 827]]
(0, 2, 4, 6, 1, 8, 12, 3, 10, 14, 5, 7, 9, 13, 11, 15): [[30, 893, 174], [879, 652], [38, 860]]
(0, 4, 8, 12, 1, 5, 9, 13, 2, 6, 10, 14, 3, 7, 11, 15): [[735, 932, 125], [37, 527], [200, 331]]
(0, 2, 4, 1, 6, 3, 8, 12, 10, 5, 14, 7, 9, 13, 11, 15): [[34, 675, 165], [966, 830], [149, 960]]
(0, 4, 8, 12, 1, 2, 5, 9, 13, 6, 10, 14, 3, 7, 11, 15): [[735, 516, 514], [217, 640], [228, 331]]
(0, 4, 2, 6, 1, 8, 12, 5, 3, 10, 14, 7, 9, 13, 11, 15): [[542, 970, 210], [528, 369], [582, 914]]
(0, 1, 2, 3, 4, 5, 6, 8, 7, 9, 12, 13, 10, 11, 14, 15): [[684, 847, 399], [519, 197], [492, 46]]
(0, 1, 4, 2, 5, 3, 6, 8, 12, 7, 9, 13, 10, 14, 11, 15): [[198, 910, 222], [469, 628], [606, 327]]
(0, 2, 4, 1, 8, 6, 12, 3, 10, 5, 14, 9, 7, 13, 11, 15): [[336, 851, 513], [555, 437], [162, 330]]
(0, 2, 4, 1, 6, 3, 5, 8, 12, 7, 10, 9, 14, 13, 11, 15): [[650, 827, 262], [384, 136], [938, 477]]
(0, 4, 8, 2, 12, 6, 10, 14, 1, 5, 9, 3, 13, 7, 11, 15): [[921, 172, 100], [953, 264], [637, 963]]
(0, 1, 2, 3, 4, 5, 8, 9, 12, 13, 6, 7, 10, 11, 14, 15): [[721, 863, 700], [712, 500], [826, 12]]
(0, 2, 4, 6, 8, 12, 10, 14, 1, 3, 5, 7, 9, 13, 11, 15): [[130, 821, 96], [915, 327], [22, 313]]
(0, 4, 1, 5, 2, 8, 12, 6, 3, 9, 13, 7, 10, 14, 11, 15): [[362, 557, 18], [102, 152], [735, 554]]
(0, 4, 2, 8, 1, 12, 6, 5, 10, 3, 9, 14, 13, 7, 11, 15): [[323, 251, 109], [683, 454], [715, 557]]
(0, 1, 2, 3, 4, 5, 6, 8, 12, 7, 9, 10, 13, 14, 11, 15): [[78, 969, 274], [320, 339], [942, 869]]
(0, 4, 2, 6, 8, 12, 1, 5, 10, 14, 3, 7, 9, 13, 11, 15): [[817, 673, 51], [283, 167], [431, 710]]
(0, 1, 2, 4, 8, 3, 5, 12, 9, 6, 10, 13, 7, 14, 11, 15): [[481, 976, 905], [301, 435], [858, 555]]
(0, 4, 8, 12, 1, 5, 2, 6, 9, 13, 10, 14, 3, 7, 11, 15): [[391, 686, 99], [38, 252], [364, 906]]
(0, 2, 4, 8, 1, 6, 12, 10, 3, 5, 14, 9, 7, 13, 11, 15): [[844, 832, 588], [516, 264], [628, 732]]
(0, 4, 8, 12, 2, 6, 10, 14, 1, 5, 9, 13, 3, 7, 11, 15): [[850, 7, 6], [906, 938], [34, 969]]
(0, 4, 1, 5, 8, 2, 12, 6, 9, 3, 13, 7, 10, 14, 11, 15): [[443, 893, 263], [334, 785], [705, 566]]
(0, 4, 2, 1, 6, 5, 3, 8, 7, 12, 10, 14, 9, 13, 11, 15): [[168, 842, 77], [101, 85], [657, 826]]
(0, 2, 4, 8, 6, 12, 10, 1, 14, 3, 5, 9, 7, 13, 11, 15): [[792, 948, 805], [257, 148], [314, 898]]
(0, 2, 1, 3, 4, 8, 6, 10, 12, 5, 14, 9, 7, 11, 13, 15): [[166, 449, 366], [598, 161], [848, 956]]
(0, 4, 8, 12, 1, 5, 2, 9, 13, 6, 10, 14, 3, 7, 11, 15): [[991, 827, 241], [124, 398], [516, 743]]
(0, 1, 2, 3, 4, 5, 8, 9, 6, 7, 12, 10, 13, 11, 14, 15): [[47, 862, 544], [663, 644], [891, 219]]
(0, 1, 4, 5, 8, 12, 9, 13, 2, 3, 6, 7, 10, 14, 11, 15): [[338, 690, 221], [89, 356], [456, 158]]
(0, 4, 8, 12, 1, 2, 5, 9, 6, 10, 13, 14, 3, 7, 11, 15): [[485, 285, 276], [559, 842], [434, 619]]
(0, 1, 2, 3, 4, 8, 5, 6, 12, 9, 10, 7, 13, 14, 11, 15): [[179, 597, 516], [836, 712], [885, 722]]
(0, 4, 8, 1, 12, 2, 5, 6, 9, 10, 13, 3, 14, 7, 11, 15): [[237, 528, 275], [238, 907], [241, 726]]
(0, 4, 1, 8, 2, 12, 5, 9, 6, 3, 13, 10, 14, 7, 11, 15): [[664, 764, 403], [348, 598], [977, 935]]
(0, 4, 1, 8, 5, 12, 9, 13, 2, 6, 3, 10, 7, 14, 11, 15): [[480, 421, 170], [111, 913], [816, 452]]
(0, 4, 1, 8, 12, 2, 5, 9, 13, 6, 3, 10, 14, 7, 11, 15): [[146, 646, 323], [104, 789], [162, 386]]
(0, 1, 2, 3, 4, 8, 12, 5, 9, 6, 13, 10, 14, 7, 11, 15): [[108, 929, 862], [340, 988], [621, 667]]
(0, 4, 8, 12, 1, 2, 5, 6, 9, 13, 10, 14, 3, 7, 11, 15): [[787, 638, 41], [173, 385], [268, 560]]
(0, 2, 4, 6, 8, 10, 12, 14, 1, 3, 5, 7, 9, 11, 13, 15): [[902, 529, 206], [670, 2], [98, 556]]
(0, 1, 4, 5, 8, 9, 12, 13, 2, 3, 6, 7, 10, 11, 14, 15): [[522, 971, 325], [190, 728], [830, 152]]
(0, 2, 1, 3, 4, 8, 6, 12, 10, 5, 14, 9, 7, 13, 11, 15): [[123, 852, 721], [191, 142], [128, 306]]
(0, 4, 2, 8, 12, 6, 10, 14, 1, 5, 3, 9, 13, 7, 11, 15): [[453, 134, 90], [976, 284], [503, 812]]
(0, 2, 4, 8, 1, 6, 12, 10, 3, 14, 5, 9, 7, 13, 11, 15): [[28, 791, 515], [687, 565], [30, 979]]
(0, 1, 2, 4, 3, 5, 8, 9, 6, 12, 7, 13, 10, 11, 14, 15): [[256, 532, 269], [779, 762], [552, 94]]
(0, 2, 1, 4, 3, 6, 5, 8, 7, 12, 10, 9, 14, 13, 11, 15): [[244, 855, 289], [361, 162], [413, 310]]
(0, 4, 1, 5, 8, 12, 9, 13, 2, 6, 3, 7, 10, 14, 11, 15): [[858, 406, 43], [139, 789], [659, 170]]
(0, 1, 2, 4, 3, 8, 5, 9, 12, 6, 10, 13, 7, 11, 14, 15): [[532, 913, 773], [554, 528], [641, 198]]
(0, 4, 8, 1, 12, 5, 2, 9, 6, 13, 10, 3, 14, 7, 11, 15): [[949, 456, 221], [339, 413], [747, 514]]
(0, 2, 4, 6, 8, 1, 10, 3, 12, 14, 5, 7, 9, 11, 13, 15): [[102, 892, 757], [838, 117], [68, 601]]
(0, 1, 4, 2, 5, 8, 3, 12, 6, 9, 13, 7, 10, 14, 11, 15): [[240, 566, 164], [669, 962], [838, 401]]
(0, 1, 4, 8, 5, 12, 9, 13, 2, 3, 6, 10, 7, 14, 11, 15): [[43, 147, 145], [5, 947], [527, 406]]
(0, 1, 4, 8, 5, 9, 12, 2, 13, 3, 6, 10, 7, 11, 14, 15): [[634, 708, 500], [374, 754], [428, 119]]
(0, 1, 4, 8, 2, 5, 12, 9, 3, 6, 13, 10, 7, 14, 11, 15): [[392, 371, 236], [505, 654], [931, 456]]
(0, 2, 4, 6, 1, 8, 3, 10, 12, 5, 14, 7, 9, 11, 13, 15): [[725, 899, 380], [955, 194], [861, 766]]
(0, 1, 4, 8, 2, 5, 9, 12, 3, 6, 10, 13, 7, 11, 14, 15): [[571, 515, 465], [448, 455], [200, 83]]
(0, 2, 1, 3, 4, 8, 6, 12, 10, 5, 9, 14, 7, 13, 11, 15): [[124, 919, 622], [692, 522], [506, 744]]
(0, 4, 8, 2, 1, 12, 6, 5, 10, 9, 3, 14, 13, 7, 11, 15): [[685, 671, 284], [865, 953], [673, 910]]
(0, 4, 2, 6, 8, 12, 10, 14, 1, 5, 3, 7, 9, 13, 11, 15): [[321, 108, 26], [785, 142], [828, 711]]
(0, 2, 4, 6, 1, 3, 8, 12, 5, 10, 14, 7, 9, 13, 11, 15): [[434, 972, 336], [374, 121], [608, 839]]
(0, 4, 8, 1, 12, 2, 5, 9, 6, 10, 13, 3, 14, 7, 11, 15): [[791, 364, 363], [740, 971], [783, 661]]
(0, 2, 4, 8, 1, 12, 6, 10, 3, 5, 9, 14, 13, 7, 11, 15): [[507, 715, 632], [409, 472], [432, 971]]
(0, 2, 1, 4, 3, 8, 6, 12, 5, 10, 9, 14, 7, 13, 11, 15): [[124, 425, 247], [981, 541], [193, 222]]
(0, 4, 1, 5, 2, 6, 3, 7, 8, 12, 9, 13, 10, 14, 11, 15): [[419, 845, 11], [973, 989], [622, 175]]
(0, 2, 4, 8, 6, 10, 12, 14, 1, 3, 5, 9, 7, 11, 13, 15): [[303, 446, 326], [377, 140], [101, 480]]
(0, 4, 1, 2, 5, 6, 3, 8, 7, 12, 9, 13, 10, 14, 11, 15): [[307, 717, 102], [445, 321], [802, 372]]
(0, 1, 4, 2, 8, 5, 3, 12, 9, 6, 10, 13, 7, 14, 11, 15): [[579, 929, 571], [717, 749], [634, 346]]
(0, 2, 1, 4, 3, 6, 5, 7, 8, 12, 10, 9, 14, 13, 11, 15): [[340, 550, 162], [444, 127], [369, 116]]
(0, 4, 1, 5, 8, 12, 2, 6, 9, 13, 3, 7, 10, 14, 11, 15): [[520, 763, 92], [141, 287], [817, 415]]
(0, 2, 1, 3, 4, 8, 12, 6, 10, 14, 5, 9, 13, 7, 11, 15): [[54, 997, 921], [337, 552], [102, 468]]
(0, 1, 2, 3, 4, 5, 8, 9, 12, 6, 13, 7, 10, 11, 14, 15): [[88, 700, 505], [299, 448], [806, 259]]
(0, 2, 1, 4, 3, 8, 6, 10, 5, 12, 9, 7, 14, 11, 13, 15): [[655, 775, 530], [748, 167], [912, 443]]
(0, 2, 1, 3, 4, 8, 6, 10, 12, 14, 5, 9, 7, 11, 13, 15): [[336, 552, 502], [860, 109], [941, 866]]
(0, 4, 2, 6, 8, 12, 1, 10, 5, 14, 3, 7, 9, 13, 11, 15): [[341, 299, 58], [622, 364], [131, 228]]
(0, 2, 4, 8, 12, 6, 10, 14, 1, 3, 5, 9, 13, 7, 11, 15): [[768, 803, 778], [823, 716], [18, 219]]
(0, 4, 2, 1, 8, 6, 12, 5, 3, 10, 9, 14, 7, 13, 11, 15): [[684, 618, 225], [594, 350], [620, 511]]
(0, 1, 2, 4, 3, 8, 5, 6, 12, 9, 10, 7, 13, 14, 11, 15): [[246, 576, 316], [520, 340], [773, 366]]
(0, 1, 4, 5, 2, 3, 8, 9, 6, 7, 12, 13, 10, 11, 14, 15): [[878, 814, 318], [962, 569], [955, 17]]
(0, 1, 2, 3, 4, 8, 5, 6, 9, 10, 7, 12, 11, 13, 14, 15): [[377, 433, 341], [772, 166], [455, 88]]
(0, 1, 2, 4, 3, 5, 6, 7, 8, 12, 9, 10, 13, 14, 11, 15): [[109, 596, 143], [866, 623], [515, 300]]
(0, 4, 1, 2, 8, 5, 12, 6, 3, 9, 13, 10, 7, 14, 11, 15): [[296, 915, 265], [185, 461], [457, 576]]
(0, 1, 4, 2, 5, 3, 8, 6, 9, 7, 12, 13, 10, 11, 14, 15): [[776, 835, 349], [366, 167], [134, 14]]
(0, 2, 4, 1, 8, 12, 6, 3, 10, 5, 14, 9, 13, 7, 11, 15): [[82, 827, 454], [292, 658], [30, 206]]
(0, 2, 1, 4, 8, 3, 6, 10, 12, 14, 5, 9, 7, 11, 13, 15): [[360, 809, 777], [837, 278], [506, 738]]
(0, 2, 4, 6, 1, 3, 8, 10, 12, 14, 5, 7, 9, 11, 13, 15): [[626, 969, 468], [774, 21], [955, 987]]
(0, 1, 4, 5, 8, 9, 2, 3, 12, 13, 6, 7, 10, 11, 14, 15): [[854, 490, 260], [396, 269], [741, 41]]
(0, 2, 4, 6, 1, 3, 8, 10, 12, 5, 14, 7, 9, 11, 13, 15): [[819, 954, 395], [655, 27], [61, 50]]
(0, 4, 1, 5, 2, 8, 6, 12, 3, 9, 7, 13, 10, 14, 11, 15): [[432, 926, 75], [518, 892], [962, 504]]
(0, 4, 1, 8, 5, 2, 12, 6, 9, 3, 13, 10, 7, 14, 11, 15): [[857, 388, 140], [476, 233], [871, 237]]
(0, 1, 4, 5, 2, 3, 8, 6, 9, 7, 12, 13, 10, 11, 14, 15): [[415, 812, 296], [864, 792], [560, 65]]
(0, 4, 8, 12, 2, 1, 6, 5, 10, 9, 14, 13, 3, 7, 11, 15): [[848, 720, 489], [477, 879], [80, 171]]
(0, 2, 4, 1, 6, 3, 8, 10, 5, 12, 7, 14, 9, 11, 13, 15): [[455, 479, 251], [410, 30], [624, 378]]
(0, 4, 8, 12, 2, 6, 1, 10, 5, 14, 9, 13, 3, 7, 11, 15): [[917, 759, 285], [138, 164], [241, 497]]
(0, 1, 2, 4, 8, 3, 12, 5, 9, 6, 10, 13, 14, 7, 11, 15): [[111, 556, 529], [308, 710], [909, 968]]
(0, 4, 2, 6, 8, 12, 1, 10, 14, 5, 3, 7, 9, 13, 11, 15): [[915, 852, 118], [72, 11], [715, 807]]
(0, 1, 2, 3, 4, 8, 5, 9, 6, 12, 10, 7, 13, 11, 14, 15): [[388, 909, 828], [799, 589], [880, 293]]
(0, 2, 4, 8, 6, 10, 1, 12, 3, 14, 5, 9, 7, 11, 13, 15): [[552, 908, 739], [626, 164], [331, 986]]
(0, 4, 8, 12, 2, 6, 1, 10, 14, 5, 9, 13, 3, 7, 11, 15): [[888, 599, 139], [632, 840], [316, 872]]
(0, 4, 8, 2, 12, 1, 6, 5, 10, 9, 14, 3, 13, 7, 11, 15): [[504, 322, 161], [391, 312], [407, 424]]
(0, 4, 1, 8, 12, 5, 2, 9, 13, 6, 3, 10, 14, 7, 11, 15): [[593, 878, 482], [256, 833], [542, 566]]
(0, 1, 2, 3, 4, 8, 5, 9, 12, 6, 13, 10, 7, 11, 14, 15): [[304, 682, 667], [486, 396], [438, 35]]
(0, 1, 4, 8, 2, 12, 5, 9, 3, 6, 10, 13, 14, 7, 11, 15): [[595, 852, 838], [370, 720], [727, 937]]
(0, 4, 1, 8, 12, 5, 2, 9, 6, 13, 3, 10, 14, 7, 11, 15): [[787, 909, 331], [330, 872], [483, 509]]
(0, 1, 2, 3, 4, 8, 5, 9, 6, 10, 12, 7, 11, 13, 14, 15): [[232, 150, 149], [944, 186], [862, 161]]
(0, 1, 4, 8, 2, 5, 12, 9, 3, 13, 6, 10, 7, 14, 11, 15): [[538, 992, 814], [355, 964], [540, 338]]
(0, 2, 4, 8, 1, 6, 10, 3, 12, 14, 5, 9, 7, 11, 13, 15): [[638, 913, 835], [872, 185], [519, 867]]
(0, 2, 4, 1, 8, 6, 3, 10, 12, 14, 5, 9, 7, 11, 13, 15): [[440, 936, 703], [834, 172], [396, 713]]
(0, 4, 2, 8, 6, 12, 1, 10, 14, 5, 3, 9, 7, 13, 11, 15): [[531, 778, 312], [694, 610], [301, 867]]
(0, 1, 2, 4, 3, 5, 8, 6, 9, 7, 12, 13, 10, 11, 14, 15): [[400, 882, 334], [918, 726], [834, 176]]
(0, 1, 4, 8, 12, 5, 2, 9, 13, 3, 6, 10, 14, 7, 11, 15): [[263, 701, 451], [95, 551], [585, 765]]
(0, 1, 2, 3, 4, 5, 6, 7, 8, 12, 9, 13, 10, 14, 11, 15): [[14, 886, 84], [323, 635], [698, 656]]
(0, 4, 1, 5, 2, 6, 8, 12, 3, 7, 9, 13, 10, 14, 11, 15): [[550, 688, 12], [977, 951], [726, 223]]
(0, 1, 2, 3, 4, 5, 8, 9, 6, 7, 12, 13, 10, 11, 14, 15): [[8, 296, 77], [188, 540], [894, 65]]
(0, 2, 4, 6, 8, 10, 12, 1, 14, 3, 5, 7, 9, 11, 13, 15): [[202, 480, 266], [999, 122], [36, 153]]
(0, 4, 1, 8, 12, 2, 5, 6, 9, 13, 3, 10, 14, 7, 11, 15): [[198, 722, 160], [202, 979], [178, 417]]
(0, 4, 8, 12, 2, 1, 6, 5, 10, 14, 9, 13, 3, 7, 11, 15): [[853, 653, 72], [482, 452], [962, 993]]
(0, 4, 1, 8, 2, 12, 5, 6, 9, 3, 10, 13, 14, 7, 11, 15): [[598, 913, 554], [435, 666], [824, 831]]
(0, 2, 1, 3, 4, 8, 6, 10, 12, 5, 9, 14, 7, 11, 13, 15): [[174, 586, 479], [766, 448], [770, 825]]
(0, 4, 1, 8, 5, 12, 2, 6, 9, 13, 3, 10, 7, 14, 11, 15): [[521, 959, 250], [331, 855], [584, 683]]
(0, 4, 8, 1, 12, 5, 9, 2, 13, 6, 10, 3, 14, 7, 11, 15): [[986, 744, 658], [157, 359], [728, 626]]
(0, 4, 8, 1, 12, 5, 2, 9, 13, 6, 10, 3, 14, 7, 11, 15): [[816, 716, 115], [240, 644], [422, 406]]
(0, 4, 2, 8, 12, 1, 6, 5, 10, 14, 3, 9, 13, 7, 11, 15): [[550, 788, 240], [781, 981], [384, 838]]
(0, 4, 8, 2, 1, 12, 6, 10, 5, 9, 3, 14, 13, 7, 11, 15): [[551, 898, 773], [438, 737], [306, 830]]
(0, 4, 1, 5, 8, 12, 2, 9, 6, 13, 3, 7, 10, 14, 11, 15): [[177, 327, 78], [329, 758], [370, 218]]
(0, 1, 2, 3, 4, 8, 12, 5, 9, 6, 10, 13, 14, 7, 11, 15): [[44, 314, 308], [562, 987], [967, 905]]
(0, 2, 4, 6, 1, 8, 3, 12, 10, 5, 14, 7, 9, 13, 11, 15): [[274, 658, 213], [728, 286], [401, 741]]
(0, 4, 8, 2, 12, 6, 1, 5, 10, 14, 9, 3, 13, 7, 11, 15): [[508, 547, 129], [236, 302], [266, 673]]
(0, 4, 8, 1, 12, 5, 9, 13, 2, 6, 10, 3, 14, 7, 11, 15): [[578, 658, 539], [16, 149], [745, 882]]
(0, 4, 1, 8, 12, 5, 9, 2, 13, 6, 3, 10, 14, 7, 11, 15): [[591, 432, 337], [388, 819], [885, 568]]
(0, 2, 4, 6, 8, 1, 12, 10, 3, 5, 14, 7, 9, 13, 11, 15): [[457, 885, 295], [969, 612], [82, 172]]
(0, 2, 1, 3, 4, 6, 8, 10, 5, 7, 9, 12, 11, 14, 13, 15): [[225, 434, 347], [956, 112], [832, 333]]
(0, 4, 2, 8, 6, 12, 1, 5, 10, 14, 3, 9, 7, 13, 11, 15): [[871, 766, 70], [933, 756], [913, 894]]
(0, 2, 4, 1, 6, 3, 8, 12, 5, 10, 14, 7, 9, 13, 11, 15): [[178, 855, 265], [912, 637], [279, 649]]
(0, 4, 1, 2, 8, 5, 6, 12, 3, 9, 10, 7, 13, 14, 11, 15): [[930, 817, 183], [783, 545], [706, 490]]
(0, 4, 8, 12, 2, 1, 6, 10, 5, 14, 9, 13, 3, 7, 11, 15): [[772, 684, 321], [163, 230], [126, 287]]
(0, 2, 1, 4, 3, 6, 8, 12, 5, 10, 14, 7, 9, 13, 11, 15): [[239, 980, 457], [566, 369], [523, 914]]
(0, 1, 4, 2, 5, 3, 8, 6, 12, 9, 7, 13, 10, 14, 11, 15): [[134, 789, 208], [321, 692], [913, 743]]
(0, 1, 2, 4, 8, 3, 12, 5, 6, 9, 10, 13, 14, 7, 11, 15): [[198, 524, 440], [875, 990], [718, 722]]
(0, 4, 2, 1, 6, 5, 3, 7, 8, 12, 10, 9, 14, 13, 11, 15): [[320, 696, 59], [972, 583], [187, 115]]
(0, 1, 2, 3, 4, 5, 6, 8, 7, 12, 9, 10, 13, 14, 11, 15): [[102, 599, 191], [478, 367], [588, 269]]
(0, 1, 4, 8, 5, 2, 9, 3, 12, 13, 6, 10, 7, 11, 14, 15): [[891, 698, 624], [341, 340], [343, 49]]
(0, 1, 2, 3, 4, 5, 6, 7, 8, 9, 10, 12, 11, 13, 14, 15): [[263, 614, 332], [944, 200], [596, 102]]
(0, 4, 8, 2, 12, 6, 1, 10, 5, 14, 9, 3, 13, 7, 11, 15): [[763, 667, 253], [579, 600], [369, 851]]
(0, 4, 1, 2, 5, 6, 8, 12, 3, 7, 9, 13, 10, 14, 11, 15): [[483, 785, 123], [880, 948], [742, 583]]
(0, 4, 2, 8, 6, 12, 10, 14, 1, 5, 3, 9, 7, 13, 11, 15): [[395, 390, 69], [995, 721], [32, 556]]
(0, 2, 4, 1, 6, 3, 8, 12, 10, 14, 5, 7, 9, 13, 11, 15): [[67, 917, 259], [229, 88], [144, 689]]
(0, 2, 1, 3, 4, 6, 5, 7, 8, 10, 12, 14, 9, 11, 13, 15): [[56, 928, 257], [152, 31], [524, 722]]
(0, 2, 4, 1, 8, 6, 3, 12, 5, 10, 9, 14, 7, 13, 11, 15): [[288, 982, 424], [637, 774], [359, 538]]
(0, 2, 1, 4, 8, 3, 12, 6, 5, 10, 9, 14, 13, 7, 11, 15): [[537, 997, 780], [901, 824], [734, 676]]
(0, 1, 4, 5, 8, 9, 12, 2, 13, 3, 6, 7, 10, 11, 14, 15): [[187, 313, 233], [49, 162], [557, 81]]
(0, 2, 4, 6, 1, 3, 5, 7, 8, 10, 12, 14, 9, 11, 13, 15): [[603, 762, 147], [902, 75], [859, 316]]
(0, 2, 4, 8, 12, 6, 10, 1, 14, 3, 5, 9, 13, 7, 11, 15): [[640, 213, 211], [635, 174], [238, 199]]
(0, 4, 2, 8, 12, 1, 6, 10, 14, 5, 3, 9, 13, 7, 11, 15): [[392, 871, 511], [523, 744], [158, 710]]
(0, 4, 1, 2, 5, 6, 8, 3, 12, 7, 9, 10, 13, 14, 11, 15): [[471, 894, 223], [670, 543], [934, 727]]
(0, 4, 2, 8, 12, 6, 10, 1, 14, 5, 3, 9, 13, 7, 11, 15): [[850, 514, 445], [236, 141], [420, 947]]
(0, 2, 4, 8, 1, 6, 10, 12, 3, 14, 5, 9, 7, 11, 13, 15): [[558, 629, 475], [225, 90], [583, 733]]
(0, 2, 1, 3, 4, 6, 8, 5, 12, 10, 7, 9, 14, 13, 11, 15): [[111, 728, 388], [57, 32], [839, 861]]
(0, 4, 8, 1, 2, 12, 5, 6, 9, 10, 3, 13, 14, 7, 11, 15): [[631, 575, 404], [497, 587], [172, 176]]
(0, 4, 8, 12, 2, 6, 10, 1, 14, 5, 9, 13, 3, 7, 11, 15): [[996, 318, 121], [227, 906], [87, 517]]
(0, 2, 4, 1, 8, 6, 3, 12, 10, 5, 14, 9, 7, 13, 11, 15): [[473, 634, 342], [410, 169], [586, 662]]
(0, 1, 4, 8, 5, 9, 12, 13, 2, 3, 6, 10, 7, 11, 14, 15): [[668, 837, 694], [141, 572], [192, 34]]
(0, 1, 2, 3, 4, 5, 6, 7, 8, 9, 12, 10, 13, 11, 14, 15): [[457, 837, 270], [875, 222], [607, 27]]
(0, 2, 1, 4, 3, 8, 6, 10, 12, 5, 14, 9, 7, 11, 13, 15): [[675, 906, 679], [258, 61], [775, 618]]
(0, 2, 4, 1, 6, 3, 5, 8, 12, 7, 10, 14, 9, 13, 11, 15): [[346, 684, 208], [566, 192], [458, 308]]
(0, 1, 2, 4, 3, 8, 5, 9, 12, 6, 13, 10, 7, 11, 14, 15): [[368, 875, 636], [379, 401], [359, 127]]
(0, 1, 4, 2, 8, 5, 3, 12, 6, 9, 10, 13, 7, 14, 11, 15): [[439, 755, 382], [492, 493], [247, 159]]
(0, 1, 4, 8, 2, 5, 9, 3, 12, 13, 6, 10, 7, 11, 14, 15): [[233, 524, 520], [339, 796], [767, 364]]
(0, 1, 4, 2, 5, 8, 3, 9, 12, 6, 13, 7, 10, 11, 14, 15): [[756, 713, 396], [525, 366], [923, 227]]
(0, 2, 1, 4, 8, 3, 6, 12, 10, 14, 5, 9, 7, 13, 11, 15): [[156, 654, 564], [442, 385], [313, 855]]
(0, 4, 1, 2, 8, 12, 5, 6, 3, 9, 10, 13, 14, 7, 11, 15): [[648, 728, 411], [530, 579], [869, 918]]
(0, 2, 4, 1, 6, 3, 5, 8, 7, 12, 10, 14, 9, 13, 11, 15): [[521, 998, 303], [884, 192], [455, 369]]
(0, 1, 4, 2, 8, 12, 5, 3, 6, 9, 10, 13, 14, 7, 11, 15): [[632, 935, 687], [828, 953], [231, 243]]
(0, 4, 2, 8, 1, 12, 6, 10, 5, 3, 9, 14, 13, 7, 11, 15): [[582, 456, 423], [909, 712], [475, 413]]
(0, 4, 2, 6, 1, 5, 3, 8, 12, 7, 10, 14, 9, 13, 11, 15): [[376, 925, 118], [928, 377], [203, 258]]
(0, 2, 1, 3, 4, 6, 5, 7, 8, 10, 12, 9, 14, 11, 13, 15): [[956, 972, 410], [172, 8], [62, 15]]
(0, 4, 2, 8, 1, 6, 12, 5, 10, 3, 14, 9, 7, 13, 11, 15): [[245, 773, 266], [87, 119], [215, 745]]
(0, 1, 4, 5, 2, 8, 3, 9, 12, 13, 6, 7, 10, 11, 14, 15): [[218, 871, 468], [172, 632], [234, 65]]
(0, 1, 2, 3, 4, 5, 6, 8, 7, 9, 10, 12, 11, 13, 14, 15): [[657, 957, 610], [818, 163], [647, 106]]
(0, 2, 4, 8, 6, 12, 1, 10, 14, 3, 5, 9, 7, 13, 11, 15): [[106, 967, 761], [691, 656], [35, 640]]
(0, 2, 4, 1, 8, 6, 3, 12, 5, 10, 14, 9, 7, 13, 11, 15): [[153, 483, 209], [481, 395], [496, 752]]
(0, 2, 1, 4, 3, 6, 8, 5, 10, 12, 7, 9, 14, 11, 13, 15): [[714, 851, 476], [535, 126], [971, 438]]
(0, 1, 2, 4, 8, 3, 5, 12, 6, 9, 10, 13, 7, 14, 11, 15): [[135, 928, 315], [249, 532], [542, 986]]
(0, 1, 4, 8, 5, 2, 12, 9, 3, 13, 6, 10, 7, 14, 11, 15): [[334, 686, 571], [100, 343], [688, 402]]
(0, 2, 1, 4, 8, 3, 12, 6, 10, 5, 9, 14, 13, 7, 11, 15): [[726, 820, 805], [995, 688], [934, 742]]
(0, 1, 4, 8, 2, 12, 5, 9, 3, 13, 6, 10, 14, 7, 11, 15): [[201, 338, 315], [427, 948], [276, 193]]
(0, 4, 1, 5, 2, 8, 6, 3, 12, 9, 7, 13, 10, 14, 11, 15): [[920, 988, 261], [222, 175], [847, 258]]
(0, 1, 2, 4, 3, 8, 5, 9, 12, 13, 6, 10, 7, 11, 14, 15): [[114, 903, 622], [238, 811], [412, 251]]
(0, 1, 4, 5, 2, 3, 6, 7, 8, 12, 9, 13, 10, 14, 11, 15): [[813, 947, 68], [930, 383], [435, 35]]
(0, 2, 1, 3, 4, 8, 6, 10, 5, 12, 9, 7, 14, 11, 13, 15): [[446, 697, 598], [663, 131], [849, 470]]
(0, 4, 8, 12, 1, 2, 5, 9, 6, 13, 10, 14, 3, 7, 11, 15): [[587, 515, 233], [238, 662], [515, 927]]
(0, 2, 1, 4, 3, 8, 6, 10, 12, 5, 9, 14, 7, 11, 13, 15): [[389, 820, 599], [400, 171], [592, 500]]
(0, 4, 1, 2, 5, 6, 3, 7, 8, 12, 9, 13, 10, 14, 11, 15): [[67, 325, 28], [588, 641], [769, 598]]
(0, 2, 4, 6, 8, 12, 10, 1, 14, 3, 5, 7, 9, 13, 11, 15): [[366, 377, 153], [259, 60], [611, 926]]
(0, 1, 2, 3, 4, 5, 8, 9, 6, 12, 7, 10, 13, 11, 14, 15): [[82, 243, 175], [653, 509], [868, 155]]
(0, 2, 4, 8, 12, 1, 6, 10, 14, 3, 5, 9, 13, 7, 11, 15): [[359, 990, 902], [610, 901], [112, 658]]
(0, 2, 4, 8, 1, 12, 6, 10, 3, 14, 5, 9, 13, 7, 11, 15): [[749, 827, 767], [904, 535], [539, 911]]
(0, 1, 4, 8, 12, 5, 9, 2, 13, 3, 6, 10, 14, 7, 11, 15): [[536, 440, 379], [329, 910], [715, 471]]
(0, 1, 2, 3, 4, 5, 6, 7, 8, 9, 10, 11, 12, 13, 14, 15): [[10, 49, 28], [627, 110], [630, 75]]
(0, 1, 4, 5, 8, 12, 9, 2, 13, 3, 6, 7, 10, 14, 11, 15): [[638, 323, 121], [274, 233], [673, 105]]
(0, 2, 4, 6, 8, 10, 1, 12, 3, 14, 5, 7, 9, 11, 13, 15): [[983, 942, 534], [731, 105], [284, 360]]
(0, 4, 2, 6, 1, 5, 3, 7, 8, 12, 10, 14, 9, 13, 11, 15): [[322, 614, 6], [239, 22], [782, 750]]
(0, 2, 1, 4, 8, 12, 3, 6, 10, 5, 9, 14, 13, 7, 11, 15): [[395, 992, 785], [614, 693], [295, 560]]
(0, 2, 1, 3, 4, 6, 5, 8, 7, 10, 12, 14, 9, 11, 13, 15): [[65, 762, 282], [953, 80], [477, 587]]
(0, 4, 8, 12, 1, 5, 9, 2, 13, 6, 10, 14, 3, 7, 11, 15): [[560, 584, 387], [91, 764], [240, 589]]
(0, 4, 2, 6, 8, 12, 10, 1, 14, 5, 3, 7, 9, 13, 11, 15): [[758, 525, 74], [372, 185], [431, 665]]
(0, 2, 1, 3, 4, 8, 6, 10, 5, 9, 7, 12, 11, 14, 13, 15): [[79, 279, 220], [743, 149], [973, 579]]
(0, 1, 4, 2, 5, 3, 6, 7, 8, 12, 9, 13, 10, 14, 11, 15): [[46, 172, 29], [131, 99], [81, 44]]
(0, 4, 2, 1, 8, 12, 6, 5, 3, 10, 9, 14, 13, 7, 11, 15): [[397, 568, 112], [456, 532], [758, 950]]
(0, 1, 4, 2, 5, 8, 3, 12, 9, 6, 13, 7, 10, 14, 11, 15): [[451, 744, 396], [304, 450], [640, 219]]
(0, 4, 2, 1, 8, 6, 12, 5, 3, 10, 14, 9, 7, 13, 11, 15): [[889, 714, 304], [255, 91], [782, 565]]
(0, 4, 2, 8, 6, 12, 10, 1, 14, 5, 3, 9, 7, 13, 11, 15): [[547, 562, 189], [816, 431], [371, 971]]
(0, 1, 2, 3, 4, 8, 5, 9, 12, 13, 6, 10, 7, 11, 14, 15): [[164, 563, 513], [144, 296], [570, 131]]
(0, 2, 1, 3, 4, 6, 8, 10, 12, 5, 14, 7, 9, 11, 13, 15): [[92, 961, 714], [645, 71], [303, 398]]
(0, 4, 1, 2, 5, 6, 3, 8, 12, 7, 9, 10, 13, 14, 11, 15): [[249, 607, 153], [567, 461], [218, 143]]
(0, 2, 4, 6, 1, 3, 5, 7, 8, 12, 10, 14, 9, 13, 11, 15): [[92, 880, 57], [746, 84], [775, 766]]
(0, 1, 2, 3, 4, 5, 6, 8, 12, 7, 9, 13, 10, 14, 11, 15): [[51, 984, 272], [272, 591], [897, 643]]
(0, 1, 2, 4, 8, 12, 3, 5, 6, 9, 10, 13, 14, 7, 11, 15): [[644, 711, 631], [663, 621], [633, 589]]
(0, 4, 2, 1, 6, 5, 8, 3, 12, 7, 10, 9, 14, 13, 11, 15): [[862, 416, 133], [701, 161], [570, 143]]
(0, 4, 1, 8, 12, 5, 9, 13, 2, 6, 3, 10, 14, 7, 11, 15): [[892, 879, 503], [97, 622], [731, 620]]
(0, 1, 2, 4, 3, 5, 8, 9, 12, 13, 6, 7, 10, 11, 14, 15): [[226, 319, 239], [343, 335], [442, 62]]
(0, 1, 4, 5, 2, 3, 8, 6, 12, 9, 7, 13, 10, 14, 11, 15): [[314, 544, 146], [524, 472], [804, 228]]
(0, 2, 4, 1, 6, 8, 12, 3, 5, 10, 14, 7, 9, 13, 11, 15): [[309, 666, 257], [959, 686], [192, 352]]
(0, 4, 1, 2, 5, 6, 3, 8, 12, 7, 9, 13, 10, 14, 11, 15): [[568, 947, 207], [627, 455], [789, 364]]
(0, 1, 2, 3, 4, 5, 6, 7, 8, 9, 12, 13, 10, 11, 14, 15): [[268, 443, 160], [314, 172], [995, 15]]
(0, 2, 1, 4, 3, 8, 6, 5, 12, 10, 9, 7, 14, 13, 11, 15): [[388, 614, 333], [265, 119], [996, 712]]
(0, 4, 2, 8, 12, 6, 1, 10, 5, 14, 3, 9, 13, 7, 11, 15): [[863, 711, 322], [604, 446], [490, 836]]
(0, 1, 2, 4, 3, 5, 8, 6, 12, 9, 7, 13, 10, 14, 11, 15): [[264, 765, 337], [537, 632], [493, 267]]
(0, 4, 8, 12, 1, 2, 5, 6, 9, 10, 13, 14, 3, 7, 11, 15): [[529, 935, 305], [45, 218], [210, 882]]
(0, 1, 4, 2, 8, 5, 12, 3, 6, 9, 13, 10, 7, 14, 11, 15): [[56, 523, 160], [87, 561], [388, 867]]
(0, 4, 8, 12, 1, 5, 2, 9, 6, 13, 10, 14, 3, 7, 11, 15): [[859, 556, 169], [390, 710], [719, 667]]
(0, 4, 1, 2, 8, 5, 12, 6, 3, 9, 10, 13, 7, 14, 11, 15): [[499, 823, 334], [515, 685], [918, 840]]
(0, 2, 4, 1, 8, 12, 6, 3, 10, 5, 9, 14, 13, 7, 11, 15): [[255, 984, 668], [490, 751], [295, 807]]
(0, 4, 1, 8, 12, 5, 2, 6, 9, 13, 3, 10, 14, 7, 11, 15): [[915, 954, 272], [119, 231], [450, 406]]
(0, 1, 4, 8, 2, 12, 5, 9, 3, 6, 13, 10, 14, 7, 11, 15): [[444, 657, 513], [466, 836], [892, 757]]
(0, 2, 1, 3, 4, 8, 6, 10, 5, 9, 12, 7, 11, 14, 13, 15): [[476, 271, 245], [722, 89], [813, 212]]
(0, 1, 4, 8, 5, 12, 2, 9, 13, 3, 6, 10, 7, 14, 11, 15): [[997, 732, 589], [198, 299], [895, 411]]
(0, 2, 1, 4, 3, 6, 8, 5, 12, 10, 7, 14, 9, 13, 11, 15): [[195, 759, 306], [482, 209], [492, 703]]
(0, 2, 1, 4, 3, 8, 6, 10, 12, 14, 5, 9, 7, 11, 13, 15): [[213, 672, 522], [861, 221], [209, 454]]
(0, 1, 4, 8, 5, 9, 2, 12, 3, 13, 6, 10, 7, 11, 14, 15): [[940, 501, 398], [655, 576], [486, 100]]
(0, 1, 2, 3, 4, 8, 5, 9, 12, 6, 10, 13, 7, 11, 14, 15): [[466, 516, 482], [615, 383], [536, 66]]
(0, 1, 2, 3, 4, 8, 5, 12, 9, 6, 10, 13, 7, 14, 11, 15): [[165, 723, 639], [184, 204], [347, 298]]
(0, 1, 4, 5, 8, 2, 12, 9, 3, 6, 13, 7, 10, 14, 11, 15): [[428, 990, 207], [293, 724], [975, 353]]
(0, 4, 1, 5, 8, 12, 2, 9, 13, 6, 3, 7, 10, 14, 11, 15): [[50, 735, 35], [36, 675], [785, 635]]
(0, 4, 2, 1, 6, 8, 12, 5, 3, 10, 14, 7, 9, 13, 11, 15): [[460, 512, 177], [417, 206], [610, 609]]
(0, 2, 4, 1, 6, 3, 5, 7, 8, 12, 10, 9, 14, 13, 11, 15): [[689, 531, 109], [658, 92], [735, 140]]
(0, 2, 1, 3, 4, 8, 6, 5, 10, 12, 9, 7, 14, 11, 13, 15): [[37, 892, 675], [264, 181], [887, 988]]
(0, 4, 8, 1, 2, 12, 5, 9, 6, 10, 3, 13, 14, 7, 11, 15): [[943, 591, 575], [950, 730], [535, 365]]
(0, 4, 1, 8, 2, 5, 12, 6, 9, 3, 13, 10, 7, 14, 11, 15): [[688, 985, 368], [514, 770], [727, 657]]
(0, 2, 1, 3, 4, 6, 5, 7, 8, 10, 9, 11, 12, 14, 13, 15): [[985, 871, 563], [787, 39], [482, 31]]
(0, 4, 8, 1, 12, 2, 5, 9, 13, 6, 10, 3, 14, 7, 11, 15): [[715, 865, 816], [123, 441], [705, 923]]
(0, 4, 2, 6, 1, 5, 8, 12, 3, 7, 10, 14, 9, 13, 11, 15): [[857, 955, 29], [549, 366], [764, 695]]
(0, 4, 8, 1, 12, 5, 2, 6, 9, 13, 10, 3, 14, 7, 11, 15): [[556, 636, 95], [317, 867], [741, 877]]
(0, 2, 1, 4, 3, 8, 6, 12, 10, 5, 14, 9, 7, 13, 11, 15): [[179, 867, 603], [938, 659], [341, 680]]
(0, 2, 1, 3, 4, 8, 6, 5, 10, 9, 7, 12, 11, 14, 13, 15): [[9, 411, 359], [858, 321], [954, 396]]
(0, 2, 1, 3, 4, 6, 5, 8, 7, 10, 12, 9, 14, 11, 13, 15): [[185, 909, 514], [972, 257], [805, 382]]
(0, 4, 2, 1, 6, 5, 3, 8, 12, 7, 10, 14, 9, 13, 11, 15): [[95, 910, 98], [711, 771], [314, 985]]
(0, 4, 8, 2, 12, 6, 10, 1, 14, 5, 9, 3, 13, 7, 11, 15): [[746, 330, 243], [958, 636], [462, 651]]
(0, 4, 2, 1, 8, 6, 5, 3, 12, 10, 9, 7, 14, 13, 11, 15): [[284, 503, 190], [953, 642], [846, 704]]
(0, 4, 1, 8, 5, 2, 12, 9, 6, 3, 13, 10, 7, 14, 11, 15): [[977, 638, 281], [930, 857], [965, 351]]
(0, 2, 1, 4, 3, 8, 12, 6, 10, 5, 9, 14, 13, 7, 11, 15): [[122, 710, 668], [252, 375], [298, 497]]
(0, 4, 1, 2, 5, 8, 12, 6, 3, 9, 13, 7, 10, 14, 11, 15): [[988, 778, 214], [505, 339], [953, 366]]
(0, 1, 2, 4, 3, 8, 5, 12, 9, 6, 13, 10, 7, 14, 11, 15): [[87, 298, 173], [413, 668], [271, 174]]
(0, 1, 2, 4, 3, 5, 6, 8, 12, 7, 9, 13, 10, 14, 11, 15): [[204, 878, 263], [810, 821], [318, 169]]
(0, 2, 1, 3, 4, 6, 5, 8, 7, 12, 10, 9, 14, 13, 11, 15): [[7, 477, 178], [950, 475], [222, 229]]
(0, 4, 2, 8, 1, 12, 6, 5, 10, 3, 14, 9, 13, 7, 11, 15): [[363, 770, 341], [502, 827], [262, 667]]
(0, 4, 1, 2, 5, 8, 6, 12, 3, 9, 7, 13, 10, 14, 11, 15): [[130, 570, 128], [388, 793], [653, 868]]
(0, 4, 1, 2, 5, 6, 3, 7, 8, 12, 9, 10, 13, 14, 11, 15): [[825, 776, 7], [852, 113], [561, 72]]
(0, 2, 4, 1, 8, 6, 12, 3, 10, 14, 5, 9, 7, 13, 11, 15): [[89, 561, 309], [568, 756], [150, 813]]
(0, 2, 4, 6, 8, 10, 1, 3, 12, 14, 5, 7, 9, 11, 13, 15): [[656, 824, 570], [153, 10], [480, 914]]
(0, 2, 4, 1, 6, 3, 8, 5, 12, 10, 7, 14, 9, 13, 11, 15): [[317, 815, 290], [630, 215], [691, 832]]
(0, 1, 4, 8, 12, 5, 9, 13, 2, 3, 6, 10, 14, 7, 11, 15): [[75, 329, 260], [17, 641], [813, 884]]
(0, 1, 2, 4, 3, 5, 8, 6, 12, 9, 7, 10, 13, 14, 11, 15): [[474, 840, 341], [840, 570], [886, 522]]
(0, 4, 8, 12, 2, 1, 6, 10, 5, 9, 14, 13, 3, 7, 11, 15): [[733, 666, 630], [92, 874], [70, 773]]
(0, 2, 1, 3, 4, 6, 8, 10, 5, 7, 9, 11, 12, 14, 13, 15): [[5, 828, 660], [954, 107], [717, 346]]
(0, 2, 1, 4, 3, 6, 8, 10, 12, 5, 14, 7, 9, 11, 13, 15): [[62, 723, 226], [806, 190], [124, 397]]
(0, 1, 4, 5, 2, 8, 3, 12, 6, 9, 13, 7, 10, 14, 11, 15): [[881, 912, 371], [999, 804], [780, 204]]
(0, 1, 2, 4, 3, 5, 8, 9, 6, 12, 7, 10, 13, 11, 14, 15): [[905, 765, 536], [112, 52], [784, 90]]
(0, 1, 4, 5, 8, 12, 2, 9, 13, 3, 6, 7, 10, 14, 11, 15): [[91, 919, 255], [35, 607], [570, 685]]
(0, 4, 2, 1, 8, 6, 5, 12, 3, 10, 9, 7, 14, 13, 11, 15): [[749, 923, 209], [371, 283], [713, 671]]
(0, 2, 1, 3, 4, 8, 6, 10, 5, 9, 7, 11, 12, 14, 13, 15): [[431, 822, 700], [850, 95], [367, 118]]
(0, 1, 4, 5, 2, 3, 8, 9, 12, 13, 6, 7, 10, 11, 14, 15): [[118, 576, 157], [269, 846], [554, 97]]
(0, 1, 2, 3, 4, 5, 8, 6, 9, 7, 12, 10, 13, 11, 14, 15): [[307, 866, 493], [781, 429], [840, 154]]
(0, 1, 4, 2, 8, 12, 5, 3, 9, 13, 6, 10, 14, 7, 11, 15): [[183, 712, 567], [293, 940], [749, 841]]
(0, 1, 2, 3, 4, 5, 6, 8, 7, 9, 10, 11, 12, 13, 14, 15): [[588, 926, 623], [896, 179], [977, 167]]
(0, 4, 1, 8, 2, 12, 5, 6, 9, 3, 13, 10, 14, 7, 11, 15): [[158, 219, 46], [390, 606], [599, 669]]
(0, 2, 1, 3, 4, 6, 8, 12, 5, 10, 14, 7, 9, 13, 11, 15): [[48, 906, 433], [833, 807], [180, 451]]
(0, 2, 1, 4, 3, 6, 5, 8, 7, 12, 10, 14, 9, 13, 11, 15): [[105, 875, 191], [653, 449], [280, 299]]
(0, 2, 4, 8, 1, 12, 6, 10, 3, 5, 14, 9, 13, 7, 11, 15): [[635, 459, 343], [466, 220], [955, 921]]
(0, 1, 4, 2, 8, 12, 5, 3, 6, 9, 13, 10, 14, 7, 11, 15): [[218, 786, 359], [292, 860], [389, 545]]
(0, 2, 4, 6, 1, 8, 12, 3, 5, 10, 14, 7, 9, 13, 11, 15): [[373, 664, 194], [330, 144], [206, 303]]
(0, 1, 2, 4, 3, 5, 6, 7, 8, 12, 9, 13, 10, 14, 11, 15): [[67, 410, 50], [386, 179], [990, 207]]
(0, 4, 2, 1, 6, 5, 3, 8, 12, 7, 10, 9, 14, 13, 11, 15): [[498, 971, 272], [779, 489], [792, 641]]
(0, 2, 1, 4, 3, 6, 5, 7, 8, 12, 10, 14, 9, 13, 11, 15): [[523, 936, 117], [728, 76], [541, 109]]
(0, 2, 1, 4, 3, 6, 5, 8, 12, 7, 10, 14, 9, 13, 11, 15): [[286, 862, 281], [398, 168], [432, 389]]
(0, 1, 2, 4, 3, 5, 6, 7, 8, 9, 12, 13, 10, 11, 14, 15): [[600, 805, 266], [412, 170], [977, 116]]
(0, 1, 2, 4, 3, 5, 6, 8, 7, 12, 9, 10, 13, 14, 11, 15): [[319, 666, 248], [937, 452], [809, 262]]
(0, 2, 1, 3, 4, 6, 5, 7, 8, 10, 9, 12, 11, 14, 13, 15): [[156, 737, 385], [287, 12], [945, 398]]
(0, 1, 2, 3, 4, 5, 8, 9, 6, 7, 10, 11, 12, 13, 14, 15): [[466, 714, 623], [583, 237], [754, 17]]
(0, 2, 1, 4, 8, 3, 6, 12, 5, 10, 9, 14, 7, 13, 11, 15): [[765, 925, 661], [166, 92], [719, 538]]
(0, 4, 1, 2, 5, 6, 8, 12, 3, 7, 9, 10, 13, 14, 11, 15): [[540, 593, 42], [795, 641], [832, 619]]
(0, 2, 4, 6, 1, 3, 8, 12, 10, 5, 14, 7, 9, 13, 11, 15): [[369, 921, 159], [388, 57], [148, 276]]
(0, 2, 4, 6, 1, 3, 8, 5, 12, 10, 7, 14, 9, 13, 11, 15): [[495, 375, 106], [291, 55], [738, 341]]
(0, 2, 4, 1, 8, 6, 3, 12, 10, 5, 9, 14, 7, 13, 11, 15): [[632, 969, 732], [328, 191], [538, 638]]
(0, 2, 4, 6, 1, 3, 8, 10, 5, 7, 12, 14, 9, 11, 13, 15): [[977, 646, 386], [639, 13], [394, 167]]
(0, 2, 4, 1, 8, 12, 6, 3, 5, 10, 9, 14, 13, 7, 11, 15): [[271, 749, 437], [367, 495], [276, 642]]
(0, 4, 2, 6, 8, 1, 12, 5, 10, 3, 14, 7, 9, 13, 11, 15): [[718, 960, 288], [721, 440], [272, 372]]
(0, 1, 2, 4, 3, 5, 6, 8, 12, 7, 9, 10, 13, 14, 11, 15): [[332, 566, 229], [660, 356], [146, 72]]
(0, 4, 2, 1, 6, 5, 3, 7, 8, 12, 10, 14, 9, 13, 11, 15): [[73, 368, 9], [848, 526], [737, 602]]
(0, 1, 4, 8, 5, 12, 9, 2, 13, 3, 6, 10, 7, 14, 11, 15): [[607, 941, 602], [141, 629], [464, 320]]
(0, 2, 1, 3, 4, 6, 8, 10, 5, 7, 12, 9, 14, 11, 13, 15): [[37, 525, 344], [748, 108], [603, 473]]
(0, 4, 2, 8, 1, 12, 6, 10, 5, 3, 14, 9, 13, 7, 11, 15): [[255, 508, 254], [805, 855], [261, 682]]
(0, 1, 2, 4, 8, 3, 5, 6, 9, 10, 12, 7, 11, 13, 14, 15): [[925, 870, 793], [744, 311], [833, 336]]
(0, 1, 2, 3, 4, 5, 8, 6, 12, 9, 7, 13, 10, 14, 11, 15): [[59, 922, 333], [516, 999], [225, 118]]
(0, 2, 1, 3, 4, 6, 8, 10, 5, 7, 12, 14, 9, 11, 13, 15): [[25, 838, 587], [340, 30], [448, 478]]
(0, 2, 4, 1, 8, 6, 3, 10, 12, 5, 9, 14, 7, 11, 13, 15): [[878, 670, 634], [730, 290], [381, 279]]
(0, 4, 8, 2, 12, 1, 6, 10, 14, 5, 9, 3, 13, 7, 11, 15): [[628, 637, 596], [724, 940], [278, 881]]
(0, 1, 2, 3, 4, 5, 8, 9, 6, 12, 7, 13, 10, 11, 14, 15): [[461, 668, 534], [736, 462], [769, 37]]
(0, 4, 8, 12, 2, 1, 6, 10, 14, 5, 9, 13, 3, 7, 11, 15): [[385, 608, 604], [55, 382], [70, 924]]
(0, 2, 1, 4, 8, 3, 6, 10, 12, 5, 14, 9, 7, 11, 13, 15): [[379, 879, 770], [979, 473], [355, 560]]
(0, 4, 2, 1, 6, 5, 8, 12, 3, 7, 10, 14, 9, 13, 11, 15): [[163, 349, 33], [601, 547], [808, 992]]
(0, 2, 1, 3, 4, 6, 5, 8, 7, 10, 9, 12, 11, 14, 13, 15): [[646, 673, 372], [947, 35], [659, 185]]
(0, 1, 2, 3, 4, 8, 12, 5, 6, 9, 10, 13, 14, 7, 11, 15): [[129, 997, 821], [431, 683], [276, 367]]
(0, 1, 2, 3, 4, 5, 8, 6, 12, 9, 7, 10, 13, 14, 11, 15): [[216, 969, 516], [810, 628], [803, 400]]
(0, 1, 4, 2, 8, 5, 12, 3, 9, 6, 13, 10, 7, 14, 11, 15): [[556, 865, 663], [438, 606], [951, 585]]
(0, 2, 4, 8, 6, 10, 12, 1, 14, 3, 5, 9, 7, 11, 13, 15): [[440, 874, 847], [481, 253], [183, 908]]
(0, 2, 1, 4, 8, 3, 6, 12, 10, 5, 9, 14, 7, 13, 11, 15): [[577, 845, 770], [912, 515], [279, 288]]
(0, 1, 2, 3, 4, 8, 5, 9, 6, 10, 7, 11, 12, 13, 14, 15): [[285, 759, 642], [530, 167], [760, 106]]
(0, 4, 1, 8, 5, 12, 2, 9, 13, 6, 3, 10, 7, 14, 11, 15): [[268, 981, 272], [102, 790], [646, 894]]
(0, 4, 2, 8, 12, 1, 6, 10, 5, 14, 3, 9, 13, 7, 11, 15): [[117, 168, 73], [837, 997], [324, 808]]
(0, 1, 2, 3, 4, 5, 6, 8, 7, 9, 12, 10, 13, 11, 14, 15): [[422, 672, 365], [940, 355], [648, 157]]
(0, 2, 1, 3, 4, 6, 5, 7, 8, 12, 10, 14, 9, 13, 11, 15): [[5, 980, 72], [421, 32], [878, 938]]
(0, 4, 1, 2, 8, 5, 6, 3, 12, 9, 10, 7, 13, 14, 11, 15): [[452, 740, 271], [560, 434], [567, 394]]
(0, 1, 2, 3, 4, 5, 6, 7, 8, 12, 9, 10, 13, 14, 11, 15): [[136, 745, 237], [694, 248], [486, 163]]
(0, 4, 2, 1, 6, 8, 5, 3, 12, 10, 7, 14, 9, 13, 11, 15): [[124, 494, 109], [532, 468], [253, 511]]
(0, 4, 2, 8, 12, 6, 1, 10, 14, 5, 3, 9, 13, 7, 11, 15): [[584, 912, 446], [496, 497], [207, 784]]
(0, 2, 4, 1, 6, 3, 5, 7, 8, 12, 10, 14, 9, 13, 11, 15): [[241, 998, 126], [779, 140], [448, 277]]
(0, 2, 4, 1, 6, 3, 8, 10, 12, 14, 5, 7, 9, 11, 13, 15): [[966, 996, 712], [725, 44], [507, 384]]
(0, 4, 8, 2, 12, 6, 1, 10, 14, 5, 9, 3, 13, 7, 11, 15): [[509, 638, 136], [469, 636], [160, 684]]
(0, 1, 4, 2, 8, 12, 5, 3, 9, 6, 10, 13, 14, 7, 11, 15): [[547, 553, 435], [357, 354], [166, 95]]
(0, 2, 1, 3, 4, 6, 5, 8, 7, 10, 9, 11, 12, 14, 13, 15): [[54, 689, 473], [262, 12], [885, 339]]
(0, 4, 8, 2, 12, 1, 6, 10, 5, 9, 14, 3, 13, 7, 11, 15): [[460, 767, 686], [170, 338], [276, 952]]
(0, 2, 1, 4, 3, 8, 6, 12, 5, 10, 14, 9, 7, 13, 11, 15): [[53, 866, 404], [331, 584], [280, 885]]
(0, 1, 2, 3, 4, 5, 8, 6, 9, 7, 12, 13, 10, 11, 14, 15): [[220, 953, 515], [998, 742], [989, 150]]
(0, 4, 1, 8, 5, 12, 9, 2, 13, 6, 3, 10, 7, 14, 11, 15): [[509, 486, 132], [420, 990], [945, 655]]
(0, 2, 1, 3, 4, 8, 12, 6, 5, 10, 9, 14, 13, 7, 11, 15): [[37, 744, 521], [637, 939], [262, 486]]
(0, 1, 2, 4, 8, 3, 5, 9, 12, 6, 10, 13, 7, 11, 14, 15): [[305, 735, 634], [393, 585], [454, 255]]
(0, 4, 8, 2, 12, 1, 6, 5, 10, 14, 9, 3, 13, 7, 11, 15): [[258, 684, 128], [188, 542], [221, 967]]
(0, 1, 4, 8, 12, 2, 5, 9, 13, 3, 6, 10, 14, 7, 11, 15): [[74, 392, 263], [90, 954], [307, 785]]
(0, 2, 4, 6, 1, 3, 5, 8, 7, 12, 10, 14, 9, 13, 11, 15): [[35, 179, 36], [811, 196], [434, 749]]
(0, 4, 8, 1, 12, 2, 5, 6, 9, 13, 10, 3, 14, 7, 11, 15): [[863, 515, 147], [718, 736], [320, 245]]
(0, 2, 1, 4, 8, 3, 6, 10, 12, 5, 9, 14, 7, 11, 13, 15): [[707, 924, 875], [953, 415], [640, 578]]
(0, 4, 2, 8, 6, 12, 1, 10, 5, 14, 3, 9, 7, 13, 11, 15): [[580, 630, 189], [754, 444], [422, 654]]
(0, 4, 2, 1, 6, 8, 5, 12, 3, 10, 7, 14, 9, 13, 11, 15): [[562, 897, 133], [815, 806], [379, 455]]
(0, 4, 1, 8, 12, 2, 5, 9, 6, 13, 3, 10, 14, 7, 11, 15): [[784, 894, 461], [464, 928], [182, 169]]
(0, 2, 1, 3, 4, 6, 8, 5, 12, 10, 7, 14, 9, 13, 11, 15): [[81, 963, 465], [543, 297], [656, 897]]
(0, 4, 2, 8, 6, 1, 12, 5, 10, 3, 14, 9, 7, 13, 11, 15): [[540, 372, 126], [778, 359], [371, 298]]
(0, 1, 4, 5, 2, 3, 8, 6, 9, 12, 7, 13, 10, 11, 14, 15): [[439, 442, 104], [968, 722], [710, 61]]
(0, 4, 1, 2, 5, 6, 3, 8, 7, 12, 9, 10, 13, 14, 11, 15): [[377, 818, 137], [986, 602], [490, 292]]
(0, 1, 2, 3, 4, 8, 5, 12, 6, 9, 10, 13, 7, 14, 11, 15): [[139, 679, 434], [446, 583], [750, 523]]
(0, 1, 4, 2, 5, 3, 8, 6, 9, 12, 7, 13, 10, 11, 14, 15): [[308, 236, 114], [939, 462], [916, 149]]
(0, 1, 2, 4, 8, 12, 3, 5, 9, 6, 10, 13, 14, 7, 11, 15): [[484, 818, 592], [390, 470], [572, 454]]
(0, 1, 4, 5, 8, 2, 9, 12, 3, 13, 6, 7, 10, 11, 14, 15): [[268, 713, 240], [217, 754], [715, 165]]
(0, 4, 1, 5, 8, 12, 9, 2, 13, 6, 3, 7, 10, 14, 11, 15): [[303, 82, 27], [494, 217], [317, 40]]
(0, 2, 1, 3, 4, 6, 5, 8, 12, 7, 10, 9, 14, 13, 11, 15): [[129, 876, 371], [716, 402], [770, 756]]
(0, 2, 4, 1, 6, 8, 3, 10, 12, 14, 5, 7, 9, 11, 13, 15): [[954, 700, 560], [876, 59], [756, 497]]
(0, 2, 4, 1, 6, 8, 3, 12, 10, 5, 14, 7, 9, 13, 11, 15): [[133, 782, 296], [948, 943], [91, 310]]
(0, 2, 1, 4, 3, 6, 8, 5, 12, 10, 7, 9, 14, 13, 11, 15): [[310, 694, 318], [201, 98], [279, 232]]
(0, 2, 1, 3, 4, 6, 8, 5, 10, 7, 12, 9, 14, 11, 13, 15): [[388, 942, 540], [886, 52], [398, 178]]
(0, 4, 8, 1, 12, 2, 5, 9, 6, 13, 10, 3, 14, 7, 11, 15): [[636, 706, 526], [431, 989], [785, 933]]
(0, 4, 1, 5, 8, 2, 12, 9, 6, 3, 13, 7, 10, 14, 11, 15): [[780, 421, 149], [843, 477], [166, 34]]
(0, 4, 1, 2, 5, 8, 6, 12, 3, 9, 7, 10, 13, 14, 11, 15): [[76, 884, 171], [239, 701], [314, 901]]
(0, 4, 1, 8, 2, 12, 5, 9, 6, 3, 10, 13, 14, 7, 11, 15): [[543, 455, 283], [201, 221], [736, 515]]
(0, 2, 1, 3, 4, 8, 6, 5, 12, 10, 9, 7, 14, 13, 11, 15): [[122, 979, 544], [818, 976], [605, 841]]
(0, 2, 1, 3, 4, 8, 12, 6, 10, 5, 9, 14, 13, 7, 11, 15): [[95, 437, 432], [850, 915], [186, 242]]
(0, 1, 4, 2, 8, 5, 12, 3, 9, 6, 10, 13, 7, 14, 11, 15): [[517, 719, 478], [731, 872], [987, 671]]
(0, 1, 2, 3, 4, 5, 8, 6, 9, 12, 7, 10, 13, 11, 14, 15): [[192, 984, 578], [719, 566], [946, 325]]
(0, 2, 1, 3, 4, 6, 5, 8, 12, 7, 10, 14, 9, 13, 11, 15): [[3, 897, 188], [996, 501], [74, 216]]
(0, 2, 4, 1, 8, 6, 3, 5, 12, 10, 9, 7, 14, 13, 11, 15): [[639, 536, 276], [581, 220], [572, 264]]
(0, 2, 4, 1, 6, 3, 5, 7, 8, 10, 12, 14, 9, 11, 13, 15): [[216, 599, 134], [486, 76], [329, 232]]
(0, 1, 4, 2, 5, 3, 8, 9, 6, 7, 12, 13, 10, 11, 14, 15): [[359, 142, 69], [629, 155], [633, 31]]
(0, 2, 4, 6, 1, 3, 8, 5, 10, 7, 12, 14, 9, 11, 13, 15): [[900, 937, 357], [594, 18], [733, 355]]
(0, 2, 4, 6, 8, 1, 12, 10, 3, 14, 5, 7, 9, 13, 11, 15): [[494, 906, 316], [665, 200], [376, 771]]
(0, 1, 2, 4, 3, 8, 5, 6, 9, 12, 10, 7, 13, 11, 14, 15): [[693, 605, 382], [785, 287], [618, 150]]
(0, 1, 4, 2, 8, 5, 12, 3, 9, 13, 6, 10, 7, 14, 11, 15): [[220, 927, 480], [146, 514], [587, 446]]
(0, 1, 4, 2, 5, 3, 8, 6, 12, 9, 7, 10, 13, 14, 11, 15): [[623, 997, 467], [847, 671], [864, 362]]
(0, 4, 2, 8, 6, 1, 12, 10, 5, 3, 14, 9, 7, 13, 11, 15): [[944, 975, 426], [641, 334], [462, 626]]
(0, 1, 4, 5, 8, 9, 2, 12, 3, 13, 6, 7, 10, 11, 14, 15): [[655, 973, 445], [143, 267], [498, 54]]
(0, 1, 4, 5, 2, 3, 6, 7, 8, 9, 12, 13, 10, 11, 14, 15): [[584, 679, 106], [566, 443], [812, 17]]
(0, 4, 1, 5, 2, 6, 3, 8, 7, 12, 9, 13, 10, 14, 11, 15): [[223, 846, 37], [268, 587], [359, 106]]
(0, 1, 2, 3, 4, 8, 5, 6, 9, 12, 10, 7, 13, 11, 14, 15): [[283, 978, 650], [334, 195], [943, 387]]
(0, 4, 1, 2, 8, 12, 5, 6, 3, 9, 13, 10, 14, 7, 11, 15): [[156, 663, 185], [205, 749], [362, 924]]
(0, 1, 4, 5, 2, 3, 6, 8, 7, 9, 12, 13, 10, 11, 14, 15): [[153, 723, 127], [374, 757], [578, 38]]
(0, 2, 1, 3, 4, 6, 8, 5, 10, 7, 12, 14, 9, 11, 13, 15): [[265, 488, 247], [983, 122], [84, 47]]
(0, 1, 2, 3, 4, 5, 6, 8, 7, 12, 9, 13, 10, 14, 11, 15): [[25, 646, 199], [503, 563], [647, 376]]
(0, 1, 4, 2, 8, 5, 3, 9, 12, 13, 6, 10, 7, 11, 14, 15): [[587, 766, 636], [379, 472], [883, 223]]
(0, 1, 4, 5, 2, 3, 6, 8, 12, 7, 9, 13, 10, 14, 11, 15): [[266, 932, 150], [506, 924], [677, 274]]
(0, 1, 4, 8, 5, 2, 12, 9, 3, 6, 13, 10, 7, 14, 11, 15): [[915, 869, 406], [522, 545], [952, 379]]
(0, 2, 1, 4, 8, 3, 12, 6, 10, 14, 5, 9, 13, 7, 11, 15): [[23, 901, 451], [158, 411], [63, 923]]
(0, 1, 4, 8, 2, 5, 9, 3, 12, 6, 13, 10, 7, 11, 14, 15): [[731, 452, 316], [981, 624], [341, 67]]
(0, 1, 2, 4, 3, 5, 6, 8, 7, 9, 12, 10, 13, 11, 14, 15): [[604, 695, 293], [595, 152], [940, 195]]
(0, 2, 1, 3, 4, 6, 5, 8, 7, 12, 10, 14, 9, 13, 11, 15): [[149, 785, 293], [620, 247], [419, 391]]
(0, 1, 4, 2, 5, 3, 8, 12, 9, 6, 13, 7, 10, 14, 11, 15): [[56, 511, 161], [101, 310], [715, 315]]
(0, 4, 1, 5, 2, 6, 3, 8, 12, 7, 9, 13, 10, 14, 11, 15): [[425, 507, 35], [774, 412], [724, 288]]
(0, 2, 4, 6, 8, 12, 1, 10, 14, 3, 5, 7, 9, 13, 11, 15): [[56, 971, 333], [569, 828], [19, 636]]
(0, 1, 4, 8, 2, 5, 9, 12, 3, 6, 13, 10, 7, 11, 14, 15): [[756, 335, 276], [655, 387], [503, 110]]
(0, 1, 4, 5, 2, 3, 8, 9, 6, 12, 7, 13, 10, 11, 14, 15): [[922, 589, 274], [234, 102], [982, 45]]
(0, 2, 1, 4, 3, 8, 12, 6, 5, 10, 9, 14, 13, 7, 11, 15): [[88, 919, 530], [66, 109], [331, 770]]
(0, 4, 1, 8, 5, 12, 2, 9, 6, 13, 3, 10, 7, 14, 11, 15): [[886, 929, 354], [405, 656], [953, 481]]
(0, 1, 2, 3, 4, 8, 5, 12, 9, 6, 13, 10, 7, 14, 11, 15): [[67, 741, 452], [364, 791], [784, 583]]
(0, 1, 2, 4, 3, 8, 12, 5, 9, 13, 6, 10, 14, 7, 11, 15): [[35, 827, 559], [44, 284], [308, 639]]
(0, 4, 2, 1, 6, 5, 8, 12, 3, 7, 10, 9, 14, 13, 11, 15): [[491, 836, 34], [499, 511], [606, 626]]
(0, 2, 1, 4, 3, 6, 5, 7, 8, 10, 12, 14, 9, 11, 13, 15): [[167, 592, 148], [939, 90], [878, 662]]
(0, 2, 4, 8, 12, 6, 1, 10, 14, 3, 5, 9, 13, 7, 11, 15): [[483, 643, 435], [311, 251], [177, 431]]
(0, 2, 4, 1, 8, 6, 3, 10, 12, 5, 14, 9, 7, 11, 13, 15): [[523, 745, 455], [865, 272], [891, 998]]
(0, 1, 2, 4, 3, 8, 12, 5, 6, 9, 10, 13, 14, 7, 11, 15): [[73, 522, 240], [286, 536], [324, 569]]
(0, 2, 1, 4, 8, 3, 6, 10, 5, 12, 9, 7, 14, 11, 13, 15): [[936, 938, 874], [816, 338], [832, 395]]
(0, 2, 1, 3, 4, 6, 8, 12, 10, 5, 14, 7, 9, 13, 11, 15): [[48, 996, 427], [983, 944], [202, 728]]
(0, 1, 4, 5, 2, 8, 12, 3, 9, 6, 13, 7, 10, 14, 11, 15): [[713, 707, 213], [704, 674], [765, 211]]
(0, 4, 2, 6, 1, 5, 3, 8, 7, 12, 10, 14, 9, 13, 11, 15): [[998, 721, 10], [234, 20], [819, 473]]
(0, 2, 1, 3, 4, 6, 8, 10, 5, 12, 7, 14, 9, 11, 13, 15): [[252, 708, 502], [877, 124], [504, 424]]
(0, 1, 2, 4, 3, 8, 5, 12, 6, 9, 10, 13, 7, 14, 11, 15): [[209, 760, 488], [389, 506], [387, 326]]
(0, 4, 8, 2, 12, 1, 6, 10, 5, 14, 9, 3, 13, 7, 11, 15): [[905, 846, 680], [891, 842], [170, 335]]
(0, 1, 4, 2, 5, 3, 6, 8, 7, 12, 9, 13, 10, 14, 11, 15): [[160, 708, 153], [342, 406], [98, 29]]
(0, 1, 2, 4, 3, 5, 8, 9, 12, 6, 13, 7, 10, 11, 14, 15): [[183, 640, 359], [259, 345], [503, 173]]
(0, 1, 2, 3, 4, 5, 8, 12, 9, 13, 6, 7, 10, 14, 11, 15): [[31, 866, 427], [157, 978], [869, 649]]
(0, 1, 2, 4, 8, 3, 5, 6, 12, 9, 10, 7, 13, 14, 11, 15): [[634, 864, 792], [665, 400], [724, 417]]
(0, 2, 4, 6, 1, 8, 3, 12, 5, 10, 14, 7, 9, 13, 11, 15): [[234, 509, 82], [866, 275], [338, 561]]
(0, 1, 2, 4, 8, 3, 5, 9, 12, 13, 6, 10, 7, 11, 14, 15): [[200, 539, 537], [524, 945], [797, 384]]
(0, 2, 1, 4, 3, 6, 8, 10, 5, 7, 12, 14, 9, 11, 13, 15): [[467, 802, 400], [661, 16], [382, 327]]
(0, 1, 2, 4, 3, 8, 5, 12, 6, 9, 13, 10, 7, 14, 11, 15): [[79, 445, 239], [359, 568], [677, 477]]
(0, 4, 2, 1, 6, 8, 5, 12, 3, 10, 7, 9, 14, 13, 11, 15): [[390, 793, 191], [799, 762], [711, 779]]
(0, 1, 2, 3, 4, 5, 8, 6, 9, 7, 10, 11, 12, 13, 14, 15): [[661, 787, 685], [763, 73], [667, 25]]
(0, 1, 4, 5, 2, 8, 12, 3, 6, 9, 13, 7, 10, 14, 11, 15): [[50, 341, 41], [187, 846], [793, 481]]
(0, 2, 1, 4, 8, 3, 6, 12, 10, 5, 14, 9, 7, 13, 11, 15): [[238, 857, 551], [52, 34], [242, 478]]
(0, 1, 4, 5, 2, 8, 3, 6, 12, 9, 7, 13, 10, 14, 11, 15): [[118, 970, 111], [233, 939], [707, 659]]
(0, 1, 4, 8, 2, 5, 12, 9, 3, 6, 10, 13, 7, 14, 11, 15): [[802, 638, 478], [634, 609], [521, 248]]
(0, 2, 1, 3, 4, 8, 6, 5, 10, 9, 12, 7, 11, 14, 13, 15): [[3, 168, 133], [719, 446], [629, 489]]
(0, 2, 1, 4, 3, 6, 5, 8, 7, 10, 12, 9, 14, 11, 13, 15): [[609, 964, 443], [504, 95], [215, 98]]
(0, 2, 4, 6, 1, 3, 8, 10, 5, 12, 7, 14, 9, 11, 13, 15): [[668, 546, 232], [980, 85], [548, 298]]
(0, 1, 4, 8, 2, 5, 9, 3, 12, 6, 10, 13, 7, 11, 14, 15): [[388, 360, 355], [215, 205], [613, 215]]
(0, 2, 4, 1, 6, 8, 3, 12, 10, 14, 5, 7, 9, 13, 11, 15): [[101, 968, 507], [810, 612], [36, 214]]
(0, 1, 4, 5, 8, 2, 9, 3, 12, 13, 6, 7, 10, 11, 14, 15): [[403, 961, 340], [309, 772], [674, 113]]
(0, 2, 1, 4, 8, 3, 6, 5, 12, 10, 9, 7, 14, 13, 11, 15): [[709, 813, 519], [366, 194], [599, 340]]
(0, 1, 2, 3, 4, 5, 8, 12, 9, 6, 13, 7, 10, 14, 11, 15): [[60, 871, 365], [323, 783], [622, 263]]
(0, 2, 4, 8, 6, 1, 10, 12, 3, 14, 5, 9, 7, 11, 13, 15): [[836, 817, 569], [635, 144], [71, 88]]
(0, 2, 4, 6, 8, 1, 10, 12, 3, 14, 5, 7, 9, 11, 13, 15): [[345, 610, 330], [743, 164], [306, 678]]
(0, 1, 4, 2, 5, 8, 12, 3, 6, 9, 13, 7, 10, 14, 11, 15): [[241, 746, 215], [308, 611], [839, 624]]
(0, 1, 4, 8, 5, 2, 9, 12, 3, 13, 6, 10, 7, 11, 14, 15): [[467, 425, 334], [720, 883], [384, 71]]
(0, 1, 2, 4, 8, 3, 12, 5, 9, 13, 6, 10, 14, 7, 11, 15): [[27, 768, 617], [106, 995], [284, 904]]
(0, 2, 1, 4, 8, 3, 6, 5, 10, 12, 9, 7, 14, 11, 13, 15): [[885, 753, 594], [420, 137], [821, 357]]
(0, 1, 2, 4, 8, 3, 12, 5, 9, 6, 13, 10, 14, 7, 11, 15): [[82, 956, 868], [210, 860], [408, 639]]
(0, 1, 4, 5, 2, 8, 3, 12, 9, 6, 13, 7, 10, 14, 11, 15): [[917, 956, 472], [716, 666], [711, 180]]
(0, 2, 1, 4, 8, 3, 12, 6, 10, 5, 14, 9, 13, 7, 11, 15): [[128, 804, 705], [142, 220], [273, 978]]
(0, 2, 4, 1, 8, 6, 12, 3, 5, 10, 9, 14, 7, 13, 11, 15): [[687, 877, 487], [119, 83], [720, 866]]
(0, 2, 4, 1, 8, 6, 12, 3, 10, 5, 9, 14, 7, 13, 11, 15): [[201, 149, 102], [391, 161], [861, 601]]
(0, 2, 4, 8, 6, 1, 10, 3, 12, 14, 5, 9, 7, 11, 13, 15): [[818, 917, 733], [757, 143], [217, 317]]
(0, 1, 4, 2, 5, 8, 3, 6, 12, 9, 7, 10, 13, 14, 11, 15): [[539, 774, 278], [651, 445], [619, 292]]
(0, 1, 4, 5, 2, 3, 8, 9, 12, 6, 13, 7, 10, 11, 14, 15): [[834, 853, 344], [907, 661], [886, 55]]
(0, 4, 1, 5, 2, 6, 8, 3, 12, 7, 9, 13, 10, 14, 11, 15): [[414, 632, 65], [898, 749], [816, 319]]
(0, 1, 4, 2, 5, 8, 12, 3, 9, 6, 13, 7, 10, 14, 11, 15): [[797, 725, 350], [756, 621], [892, 273]]
(0, 2, 1, 4, 8, 12, 3, 6, 5, 10, 9, 14, 13, 7, 11, 15): [[512, 863, 742], [702, 730], [555, 610]]
(0, 1, 4, 2, 8, 5, 3, 9, 12, 6, 13, 10, 7, 11, 14, 15): [[731, 861, 622], [568, 499], [807, 232]]
(0, 1, 4, 2, 8, 5, 12, 3, 6, 9, 10, 13, 7, 14, 11, 15): [[555, 960, 566], [358, 423], [945, 718]]
(0, 1, 2, 3, 4, 5, 8, 6, 9, 7, 10, 12, 11, 13, 14, 15): [[544, 882, 554], [604, 186], [930, 141]]
(0, 1, 2, 4, 3, 5, 6, 8, 7, 12, 9, 13, 10, 14, 11, 15): [[90, 634, 151], [595, 866], [686, 253]]
(0, 2, 1, 4, 3, 6, 8, 10, 12, 14, 5, 7, 9, 11, 13, 15): [[403, 697, 451], [848, 55], [832, 843]]
(0, 1, 2, 4, 3, 5, 8, 12, 6, 9, 13, 7, 10, 14, 11, 15): [[35, 984, 246], [168, 780], [568, 846]]
(0, 1, 2, 3, 4, 5, 8, 6, 9, 12, 7, 13, 10, 11, 14, 15): [[94, 383, 178], [338, 389], [629, 150]]
(0, 1, 2, 4, 3, 8, 5, 9, 6, 10, 12, 7, 11, 13, 14, 15): [[274, 270, 230], [936, 393], [698, 211]]
(0, 2, 1, 3, 4, 6, 8, 5, 10, 12, 7, 14, 9, 11, 13, 15): [[86, 349, 201], [204, 55], [902, 773]]
(0, 2, 1, 4, 3, 6, 5, 8, 7, 10, 12, 14, 9, 11, 13, 15): [[437, 585, 224], [753, 112], [976, 418]]
(0, 2, 1, 4, 3, 6, 8, 12, 10, 5, 14, 7, 9, 13, 11, 15): [[36, 777, 275], [854, 697], [161, 783]]
(0, 1, 4, 2, 5, 3, 8, 9, 12, 13, 6, 7, 10, 11, 14, 15): [[689, 721, 500], [807, 601], [808, 30]]
(0, 1, 4, 5, 2, 8, 3, 12, 9, 13, 6, 7, 10, 14, 11, 15): [[13, 870, 147], [20, 730], [573, 510]]
(0, 1, 2, 3, 4, 8, 5, 6, 9, 10, 7, 11, 12, 13, 14, 15): [[944, 634, 583], [859, 54], [830, 46]]
(0, 1, 4, 2, 5, 3, 6, 7, 8, 9, 12, 13, 10, 11, 14, 15): [[181, 665, 131], [380, 281], [589, 62]]
(0, 4, 2, 6, 1, 8, 5, 12, 3, 10, 7, 14, 9, 13, 11, 15): [[314, 787, 90], [983, 524], [509, 936]]
(0, 1, 4, 2, 8, 5, 3, 12, 9, 6, 13, 10, 7, 14, 11, 15): [[170, 744, 426], [230, 702], [891, 806]]
(0, 2, 1, 3, 4, 6, 8, 5, 10, 7, 9, 12, 11, 14, 13, 15): [[490, 655, 459], [702, 142], [833, 300]]
(0, 2, 4, 1, 8, 12, 6, 3, 10, 14, 5, 9, 13, 7, 11, 15): [[65, 721, 533], [273, 822], [116, 976]]
(0, 1, 2, 4, 8, 3, 5, 9, 6, 10, 12, 7, 11, 13, 14, 15): [[742, 668, 662], [943, 429], [450, 166]]
(0, 2, 1, 3, 4, 6, 8, 10, 5, 12, 7, 9, 14, 11, 13, 15): [[298, 493, 352], [359, 77], [227, 169]]
(0, 2, 1, 4, 3, 6, 8, 10, 5, 12, 7, 9, 14, 11, 13, 15): [[315, 697, 427], [820, 296], [440, 397]]
(0, 4, 2, 1, 6, 5, 3, 8, 7, 12, 10, 9, 14, 13, 11, 15): [[600, 702, 97], [384, 137], [898, 369]]
(0, 2, 4, 1, 6, 8, 3, 10, 12, 5, 14, 7, 9, 11, 13, 15): [[290, 483, 260], [432, 142], [440, 497]]
(0, 1, 4, 2, 5, 3, 8, 12, 6, 9, 13, 7, 10, 14, 11, 15): [[61, 665, 122], [184, 866], [675, 700]]
(0, 4, 1, 8, 2, 5, 12, 9, 6, 3, 13, 10, 7, 14, 11, 15): [[504, 760, 394], [563, 955], [594, 498]]
(0, 2, 4, 6, 1, 8, 3, 10, 12, 14, 5, 7, 9, 11, 13, 15): [[606, 993, 536], [616, 140], [527, 719]]
(0, 1, 2, 4, 3, 8, 5, 12, 9, 13, 6, 10, 7, 14, 11, 15): [[61, 835, 695], [111, 758], [591, 471]]
(0, 1, 2, 3, 4, 8, 5, 6, 9, 10, 12, 7, 11, 13, 14, 15): [[74, 583, 497], [873, 448], [612, 208]]
(0, 4, 2, 1, 6, 5, 8, 3, 12, 7, 10, 14, 9, 13, 11, 15): [[310, 882, 207], [458, 378], [806, 928]]
(0, 2, 1, 3, 4, 8, 6, 5, 10, 9, 7, 11, 12, 14, 13, 15): [[594, 913, 865], [730, 173], [998, 271]]
(0, 4, 2, 8, 1, 6, 12, 10, 5, 3, 14, 9, 7, 13, 11, 15): [[465, 722, 315], [969, 673], [199, 357]]
(0, 1, 4, 2, 5, 3, 8, 12, 9, 13, 6, 7, 10, 14, 11, 15): [[129, 947, 402], [113, 434], [345, 225]]
(0, 1, 4, 8, 2, 5, 9, 12, 3, 13, 6, 10, 7, 11, 14, 15): [[992, 807, 764], [919, 913], [544, 196]]
(0, 1, 2, 4, 8, 12, 3, 5, 9, 13, 6, 10, 14, 7, 11, 15): [[113, 945, 761], [157, 972], [533, 850]]
(0, 2, 4, 8, 6, 1, 12, 10, 3, 14, 5, 9, 7, 13, 11, 15): [[571, 670, 525], [854, 381], [356, 700]]
(0, 1, 4, 2, 5, 8, 3, 6, 12, 9, 7, 13, 10, 14, 11, 15): [[484, 487, 141], [977, 610], [477, 130]]
(0, 2, 4, 1, 8, 6, 3, 12, 10, 14, 5, 9, 7, 13, 11, 15): [[89, 507, 346], [552, 349], [103, 559]]
(0, 1, 2, 4, 8, 3, 5, 12, 9, 13, 6, 10, 7, 14, 11, 15): [[61, 590, 350], [60, 313], [359, 292]]
(0, 1, 4, 2, 5, 8, 12, 3, 9, 13, 6, 7, 10, 14, 11, 15): [[72, 803, 312], [102, 725], [530, 556]]
(0, 2, 4, 1, 6, 3, 8, 10, 5, 7, 12, 14, 9, 11, 13, 15): [[960, 684, 346], [565, 38], [275, 108]]
(0, 1, 4, 5, 2, 3, 6, 8, 7, 12, 9, 13, 10, 14, 11, 15): [[251, 782, 131], [452, 673], [733, 102]]
(0, 1, 4, 2, 5, 8, 3, 9, 12, 13, 6, 7, 10, 11, 14, 15): [[836, 740, 490], [469, 377], [943, 138]]
(0, 1, 4, 2, 8, 5, 3, 12, 9, 13, 6, 10, 7, 14, 11, 15): [[198, 594, 435], [315, 711], [771, 509]]
(0, 1, 4, 2, 5, 3, 8, 9, 12, 6, 13, 7, 10, 11, 14, 15): [[271, 452, 293], [891, 980], [842, 187]]
(0, 2, 4, 8, 6, 10, 1, 3, 12, 14, 5, 9, 7, 11, 13, 15): [[734, 679, 676], [796, 20], [498, 653]]
(0, 2, 1, 4, 3, 6, 8, 12, 10, 14, 5, 7, 9, 13, 11, 15): [[135, 831, 412], [759, 380], [330, 962]]
(0, 1, 2, 4, 3, 5, 8, 9, 6, 7, 12, 13, 10, 11, 14, 15): [[859, 830, 395], [936, 420], [959, 58]]
(0, 1, 4, 2, 8, 5, 3, 6, 12, 9, 10, 7, 13, 14, 11, 15): [[294, 731, 312], [426, 456], [658, 531]]
(0, 2, 1, 3, 4, 6, 5, 7, 8, 12, 10, 9, 14, 13, 11, 15): [[42, 800, 137], [846, 405], [921, 570]]
(0, 1, 2, 4, 3, 5, 8, 9, 6, 7, 12, 10, 13, 11, 14, 15): [[711, 252, 186], [621, 135], [604, 29]]
(0, 2, 4, 1, 6, 3, 8, 5, 12, 10, 7, 9, 14, 13, 11, 15): [[386, 836, 295], [572, 386], [171, 143]]
(0, 4, 1, 2, 5, 6, 8, 3, 12, 7, 9, 13, 10, 14, 11, 15): [[549, 722, 162], [542, 383], [701, 298]]
(0, 1, 2, 4, 3, 5, 8, 6, 9, 12, 7, 10, 13, 11, 14, 15): [[426, 543, 308], [804, 310], [889, 254]]
(0, 4, 1, 2, 5, 8, 6, 3, 12, 9, 7, 10, 13, 14, 11, 15): [[306, 875, 294], [251, 280], [981, 945]]
(0, 1, 4, 5, 2, 3, 8, 12, 9, 6, 13, 7, 10, 14, 11, 15): [[100, 859, 187], [158, 633], [69, 32]]
(0, 1, 4, 2, 5, 3, 6, 8, 7, 9, 12, 13, 10, 11, 14, 15): [[459, 601, 188], [963, 465], [836, 109]]
(0, 2, 4, 6, 1, 3, 5, 8, 12, 7, 10, 14, 9, 13, 11, 15): [[240, 763, 125], [671, 211], [296, 435]]
(0, 1, 2, 4, 8, 3, 5, 6, 9, 12, 10, 7, 13, 11, 14, 15): [[906, 528, 385], [507, 164], [935, 195]]
(0, 2, 4, 8, 6, 1, 12, 10, 3, 5, 14, 9, 7, 13, 11, 15): [[925, 684, 331], [788, 270], [216, 190]]
(0, 1, 2, 4, 8, 3, 5, 9, 12, 6, 13, 10, 7, 11, 14, 15): [[570, 966, 658], [527, 551], [585, 206]]
(0, 1, 4, 2, 8, 5, 3, 12, 6, 9, 13, 10, 7, 14, 11, 15): [[331, 802, 369], [663, 952], [718, 571]]
(0, 2, 1, 4, 3, 8, 6, 5, 10, 12, 9, 7, 14, 11, 13, 15): [[563, 937, 749], [278, 138], [634, 367]]
(0, 2, 4, 1, 8, 6, 12, 3, 5, 10, 14, 9, 7, 13, 11, 15): [[366, 777, 357], [621, 469], [389, 673]]
(0, 1, 4, 5, 2, 3, 8, 12, 9, 13, 6, 7, 10, 14, 11, 15): [[212, 929, 168], [164, 531], [319, 48]]
(0, 4, 2, 6, 1, 5, 8, 3, 12, 7, 10, 14, 9, 13, 11, 15): [[767, 701, 105], [768, 203], [920, 530]]
(0, 4, 2, 1, 8, 12, 6, 5, 3, 10, 14, 9, 13, 7, 11, 15): [[505, 862, 455], [492, 461], [341, 565]]
(0, 1, 4, 2, 5, 3, 6, 7, 8, 12, 9, 10, 13, 14, 11, 15): [[116, 644, 62], [549, 314], [516, 258]]
(0, 1, 2, 3, 4, 8, 5, 9, 6, 10, 7, 12, 11, 13, 14, 15): [[164, 602, 526], [542, 259], [634, 101]]
(0, 2, 1, 4, 3, 6, 8, 5, 10, 12, 7, 14, 9, 11, 13, 15): [[226, 787, 279], [406, 88], [323, 383]]
(0, 2, 1, 4, 3, 6, 8, 5, 10, 7, 12, 14, 9, 11, 13, 15): [[810, 704, 338], [839, 84], [865, 326]]
(0, 2, 1, 3, 4, 6, 8, 5, 10, 12, 7, 9, 14, 11, 13, 15): [[298, 850, 489], [614, 163], [516, 394]]
(0, 2, 4, 1, 6, 8, 3, 5, 12, 10, 7, 14, 9, 13, 11, 15): [[675, 969, 481], [819, 320], [572, 467]]
(0, 2, 1, 3, 4, 8, 6, 12, 10, 14, 5, 9, 7, 13, 11, 15): [[3, 937, 358], [145, 244], [72, 928]]
(0, 1, 2, 3, 4, 5, 8, 9, 6, 7, 10, 12, 11, 13, 14, 15): [[496, 143, 103], [909, 138], [398, 12]]
(0, 2, 4, 6, 1, 3, 8, 12, 10, 14, 5, 7, 9, 13, 11, 15): [[151, 989, 188], [718, 204], [129, 607]]
(0, 1, 4, 5, 2, 8, 12, 3, 9, 13, 6, 7, 10, 14, 11, 15): [[13, 107, 46], [79, 633], [842, 698]]
(0, 1, 4, 2, 5, 3, 6, 8, 12, 7, 9, 10, 13, 14, 11, 15): [[522, 809, 223], [256, 132], [382, 163]]
(0, 1, 2, 4, 8, 3, 5, 9, 6, 12, 10, 7, 13, 11, 14, 15): [[992, 835, 579], [884, 446], [780, 180]]
(0, 1, 4, 5, 2, 3, 8, 12, 6, 9, 13, 7, 10, 14, 11, 15): [[55, 496, 50], [120, 632], [573, 292]]
(0, 1, 2, 4, 3, 8, 5, 9, 6, 12, 10, 7, 13, 11, 14, 15): [[809, 996, 871], [960, 520], [428, 152]]
(0, 2, 1, 4, 8, 3, 6, 5, 10, 9, 12, 7, 11, 14, 13, 15): [[671, 379, 308], [803, 198], [183, 52]]
(0, 2, 4, 1, 6, 8, 3, 12, 5, 10, 14, 7, 9, 13, 11, 15): [[308, 692, 247], [599, 256], [460, 620]]
(0, 1, 4, 2, 5, 8, 3, 12, 9, 13, 6, 7, 10, 14, 11, 15): [[264, 993, 487], [169, 499], [208, 128]]
(0, 1, 4, 2, 5, 3, 8, 9, 6, 12, 7, 13, 10, 11, 14, 15): [[233, 794, 288], [613, 915], [670, 77]]
(0, 1, 2, 4, 3, 8, 5, 12, 9, 6, 10, 13, 7, 14, 11, 15): [[268, 791, 566], [562, 678], [675, 485]]
(0, 2, 4, 1, 6, 8, 3, 5, 12, 10, 7, 9, 14, 13, 11, 15): [[684, 866, 339], [162, 80], [912, 571]]
(0, 1, 4, 5, 2, 8, 3, 9, 12, 6, 13, 7, 10, 11, 14, 15): [[392, 234, 131], [738, 409], [935, 99]]
(0, 2, 4, 1, 6, 3, 5, 8, 7, 10, 12, 14, 9, 11, 13, 15): [[747, 943, 358], [447, 66], [890, 442]]
(0, 2, 4, 6, 1, 3, 5, 8, 7, 10, 12, 14, 9, 11, 13, 15): [[120, 584, 132], [949, 136], [608, 925]]
(0, 1, 4, 2, 8, 5, 3, 9, 12, 6, 10, 13, 7, 11, 14, 15): [[750, 154, 130], [493, 99], [120, 6]]
(0, 2, 4, 1, 6, 3, 8, 10, 12, 5, 14, 7, 9, 11, 13, 15): [[394, 752, 382], [416, 81], [457, 475]]
(0, 2, 4, 8, 1, 6, 10, 3, 12, 5, 14, 9, 7, 11, 13, 15): [[466, 479, 397], [504, 185], [340, 359]]
(0, 2, 1, 4, 3, 8, 6, 12, 10, 5, 9, 14, 7, 13, 11, 15): [[130, 811, 560], [836, 787], [458, 924]]
(0, 2, 1, 4, 3, 8, 6, 12, 10, 14, 5, 9, 7, 13, 11, 15): [[53, 838, 462], [490, 558], [179, 990]]
(0, 2, 1, 4, 8, 3, 6, 12, 5, 10, 14, 9, 7, 13, 11, 15): [[267, 948, 440], [849, 650], [472, 754]]
(0, 2, 4, 1, 6, 8, 12, 3, 10, 14, 5, 7, 9, 13, 11, 15): [[27, 981, 286], [198, 313], [41, 776]]
(0, 1, 2, 3, 4, 5, 8, 12, 6, 9, 13, 7, 10, 14, 11, 15): [[2, 201, 96], [74, 156], [875, 708]]
(0, 2, 1, 3, 4, 8, 6, 12, 5, 10, 9, 14, 7, 13, 11, 15): [[82, 584, 371], [643, 616], [539, 882]]
(0, 1, 4, 8, 5, 9, 2, 3, 12, 13, 6, 10, 7, 11, 14, 15): [[302, 489, 464], [425, 862], [826, 46]]
(0, 2, 1, 4, 3, 6, 8, 5, 10, 7, 12, 9, 14, 11, 13, 15): [[983, 884, 507], [997, 202], [487, 146]]
(0, 1, 2, 4, 3, 8, 5, 6, 9, 10, 12, 7, 11, 13, 14, 15): [[976, 508, 396], [475, 121], [798, 166]]
(0, 1, 2, 4, 3, 5, 8, 6, 9, 12, 7, 13, 10, 11, 14, 15): [[278, 819, 456], [192, 200], [803, 326]]
(0, 2, 4, 6, 1, 8, 3, 5, 12, 10, 7, 14, 9, 13, 11, 15): [[652, 699, 197], [283, 46], [490, 400]]
(0, 1, 4, 2, 8, 12, 5, 3, 9, 6, 13, 10, 14, 7, 11, 15): [[420, 899, 666], [147, 294], [527, 510]]
(0, 4, 1, 2, 5, 8, 6, 3, 12, 9, 7, 13, 10, 14, 11, 15): [[453, 816, 211], [776, 737], [360, 236]]
(0, 1, 2, 3, 4, 8, 5, 12, 9, 13, 6, 10, 7, 14, 11, 15): [[9, 972, 571], [41, 969], [607, 721]]
(0, 2, 4, 1, 6, 8, 12, 3, 10, 5, 14, 7, 9, 13, 11, 15): [[68, 525, 195], [643, 770], [184, 985]]
(0, 1, 4, 2, 5, 8, 3, 6, 9, 12, 7, 13, 10, 11, 14, 15): [[698, 510, 212], [830, 408], [290, 48]]
(0, 2, 1, 4, 8, 12, 3, 6, 10, 5, 14, 9, 13, 7, 11, 15): [[136, 862, 655], [573, 964], [71, 306]]
(0, 4, 2, 6, 8, 1, 12, 10, 5, 3, 14, 7, 9, 13, 11, 15): [[532, 713, 184], [679, 257], [245, 396]]
(0, 2, 4, 8, 1, 6, 12, 10, 3, 5, 9, 14, 7, 13, 11, 15): [[988, 797, 670], [745, 327], [970, 817]]
(0, 2, 1, 3, 4, 6, 8, 5, 10, 7, 9, 11, 12, 14, 13, 15): [[28, 500, 415], [401, 47], [811, 224]]
(0, 2, 4, 8, 6, 1, 10, 3, 12, 5, 14, 9, 7, 11, 13, 15): [[926, 729, 475], [53, 11], [924, 766]]
(0, 2, 4, 6, 1, 8, 12, 3, 10, 5, 14, 7, 9, 13, 11, 15): [[641, 665, 275], [820, 260], [797, 761]]
(0, 2, 4, 1, 8, 12, 6, 3, 5, 10, 14, 9, 13, 7, 11, 15): [[33, 548, 131], [177, 643], [133, 683]]
(0, 2, 4, 8, 1, 6, 10, 12, 3, 5, 14, 9, 7, 11, 13, 15): [[242, 219, 170], [874, 275], [684, 683]]
(0, 4, 2, 6, 1, 8, 5, 3, 12, 10, 7, 14, 9, 13, 11, 15): [[468, 982, 112], [458, 128], [632, 991]]
(0, 1, 2, 4, 8, 12, 3, 5, 9, 6, 13, 10, 14, 7, 11, 15): [[59, 887, 714], [121, 809], [227, 624]]
(0, 1, 2, 4, 3, 5, 8, 6, 9, 7, 12, 10, 13, 11, 14, 15): [[761, 341, 167], [980, 193], [700, 60]]
(0, 4, 2, 8, 1, 6, 12, 10, 5, 3, 9, 14, 7, 13, 11, 15): [[726, 259, 159], [606, 157], [627, 275]]
(0, 4, 2, 1, 6, 8, 5, 3, 12, 10, 7, 9, 14, 13, 11, 15): [[186, 371, 128], [251, 191], [807, 735]]
(0, 2, 1, 4, 3, 6, 5, 7, 8, 10, 12, 9, 14, 11, 13, 15): [[262, 359, 94], [809, 108], [730, 216]]
(0, 2, 1, 3, 4, 6, 8, 12, 10, 14, 5, 7, 9, 13, 11, 15): [[3, 806, 271], [611, 554], [47, 520]]
(0, 1, 2, 3, 4, 8, 5, 12, 6, 9, 13, 10, 7, 14, 11, 15): [[22, 834, 362], [248, 919], [481, 730]]
(0, 2, 4, 6, 1, 8, 3, 12, 10, 14, 5, 7, 9, 13, 11, 15): [[68, 371, 154], [991, 536], [89, 399]]
(0, 1, 2, 3, 4, 8, 12, 5, 9, 13, 6, 10, 14, 7, 11, 15): [[6, 728, 551], [46, 349], [144, 366]]
(0, 1, 4, 2, 5, 8, 3, 6, 9, 12, 7, 10, 13, 11, 14, 15): [[854, 934, 529], [799, 501], [784, 225]]
(0, 1, 4, 5, 8, 2, 9, 3, 12, 6, 13, 7, 10, 11, 14, 15): [[490, 313, 168], [899, 598], [859, 143]]
(0, 2, 1, 4, 3, 6, 8, 10, 5, 12, 7, 14, 9, 11, 13, 15): [[306, 580, 293], [986, 47], [941, 872]]
(0, 1, 4, 2, 5, 8, 3, 9, 6, 12, 7, 13, 10, 11, 14, 15): [[823, 905, 529], [466, 311], [851, 224]]
(0, 1, 2, 4, 8, 3, 5, 12, 9, 6, 13, 10, 7, 14, 11, 15): [[255, 629, 555], [372, 724], [738, 549]]
(0, 1, 2, 4, 3, 8, 12, 5, 9, 6, 10, 13, 14, 7, 11, 15): [[98, 744, 488], [395, 959], [409, 547]]
(0, 1, 2, 4, 3, 5, 8, 12, 9, 6, 13, 7, 10, 14, 11, 15): [[116, 440, 246], [484, 767], [431, 225]]
(0, 2, 4, 8, 6, 1, 10, 12, 3, 5, 14, 9, 7, 11, 13, 15): [[542, 298, 207], [488, 108], [705, 493]]
(0, 1, 4, 8, 5, 2, 9, 12, 3, 6, 13, 10, 7, 11, 14, 15): [[996, 597, 383], [920, 645], [502, 95]]
(0, 1, 2, 4, 3, 5, 8, 12, 9, 13, 6, 7, 10, 14, 11, 15): [[19, 822, 365], [82, 951], [675, 654]]
(0, 2, 4, 1, 6, 3, 8, 5, 10, 7, 12, 14, 9, 11, 13, 15): [[501, 948, 378], [870, 127], [388, 304]]
(0, 2, 1, 4, 3, 6, 8, 5, 10, 7, 9, 12, 11, 14, 13, 15): [[628, 257, 155], [550, 70], [482, 84]]
(0, 2, 4, 6, 1, 3, 8, 5, 10, 12, 7, 14, 9, 11, 13, 15): [[518, 923, 309], [776, 116], [849, 720]]
(0, 1, 2, 4, 3, 5, 6, 8, 7, 9, 10, 12, 11, 13, 14, 15): [[933, 755, 427], [422, 101], [963, 193]]
(0, 2, 4, 8, 1, 6, 10, 12, 3, 5, 9, 14, 7, 11, 13, 15): [[524, 310, 293], [974, 301], [402, 270]]
(0, 4, 2, 8, 1, 6, 12, 5, 10, 3, 9, 14, 7, 13, 11, 15): [[426, 412, 230], [763, 460], [347, 354]]
(0, 2, 1, 4, 8, 3, 12, 6, 5, 10, 14, 9, 13, 7, 11, 15): [[57, 860, 319], [300, 762], [199, 833]]
(0, 1, 2, 4, 3, 8, 12, 5, 9, 6, 13, 10, 14, 7, 11, 15): [[23, 764, 686], [69, 474], [315, 961]]
(0, 2, 1, 4, 3, 8, 6, 10, 5, 9, 12, 7, 11, 14, 13, 15): [[968, 726, 598], [517, 105], [713, 251]]
(0, 2, 1, 3, 4, 8, 12, 6, 10, 5, 14, 9, 13, 7, 11, 15): [[129, 868, 792], [957, 911], [93, 236]]
(0, 2, 1, 3, 4, 8, 6, 12, 5, 10, 14, 9, 7, 13, 11, 15): [[68, 821, 474], [139, 129], [154, 331]]
(0, 2, 4, 1, 6, 3, 8, 5, 10, 12, 7, 14, 9, 11, 13, 15): [[112, 401, 121], [635, 140], [613, 772]]
(0, 1, 2, 4, 3, 5, 6, 8, 7, 9, 12, 13, 10, 11, 14, 15): [[290, 975, 313], [369, 352], [792, 160]]
(0, 2, 1, 4, 3, 8, 12, 6, 10, 5, 14, 9, 13, 7, 11, 15): [[65, 973, 704], [416, 691], [204, 785]]
(0, 2, 1, 4, 3, 8, 6, 5, 10, 9, 12, 7, 11, 14, 13, 15): [[880, 785, 697], [935, 327], [502, 180]]
(0, 1, 2, 4, 3, 5, 6, 7, 8, 9, 10, 12, 11, 13, 14, 15): [[895, 197, 67], [463, 23], [755, 28]]
(0, 1, 4, 2, 5, 3, 6, 8, 7, 12, 9, 10, 13, 14, 11, 15): [[904, 320, 120], [519, 84], [498, 59]]
(0, 4, 1, 8, 2, 5, 12, 9, 6, 3, 10, 13, 7, 14, 11, 15): [[879, 651, 407], [517, 402], [220, 108]]
(0, 2, 1, 4, 3, 6, 5, 7, 8, 10, 9, 12, 11, 14, 13, 15): [[910, 506, 222], [225, 25], [852, 103]]
(0, 4, 1, 8, 2, 5, 12, 6, 9, 3, 10, 13, 7, 14, 11, 15): [[815, 402, 159], [842, 425], [673, 235]]
(0, 2, 4, 1, 6, 3, 5, 8, 7, 12, 10, 9, 14, 13, 11, 15): [[619, 341, 118], [731, 99], [614, 162]]
(0, 1, 2, 3, 4, 8, 12, 5, 6, 9, 13, 10, 14, 7, 11, 15): [[7, 573, 229], [117, 737], [85, 258]]
(0, 2, 4, 1, 6, 3, 8, 5, 10, 12, 7, 9, 14, 11, 13, 15): [[916, 876, 478], [328, 76], [263, 140]]
(0, 1, 4, 2, 5, 3, 8, 6, 9, 12, 7, 10, 13, 11, 14, 15): [[940, 586, 291], [507, 182], [521, 77]]
(0, 1, 2, 4, 3, 5, 6, 7, 8, 9, 12, 10, 13, 11, 14, 15): [[490, 477, 94], [656, 85], [539, 48]]
(0, 2, 4, 8, 1, 6, 10, 3, 12, 5, 9, 14, 7, 11, 13, 15): [[910, 301, 289], [169, 28], [263, 102]]
(0, 1, 4, 2, 5, 3, 6, 8, 7, 9, 12, 10, 13, 11, 14, 15): [[212, 71, 30], [923, 134], [588, 36]]
(0, 2, 4, 6, 8, 1, 10, 3, 12, 5, 14, 7, 9, 11, 13, 15): [[989, 876, 493], [493, 111], [488, 439]]
(0, 2, 1, 4, 8, 12, 3, 6, 10, 14, 5, 9, 13, 7, 11, 15): [[108, 677, 593], [751, 862], [177, 952]]
(0, 1, 4, 2, 8, 5, 3, 9, 6, 12, 10, 7, 13, 11, 14, 15): [[749, 140, 103], [575, 85], [830, 79]]
(0, 2, 4, 1, 8, 6, 3, 10, 5, 12, 9, 7, 14, 11, 13, 15): [[677, 404, 259], [713, 127], [260, 108]]
(0, 1, 4, 2, 8, 5, 3, 6, 9, 12, 10, 7, 13, 11, 14, 15): [[767, 214, 123], [303, 71], [216, 26]]
(0, 1, 4, 5, 8, 2, 9, 12, 3, 6, 13, 7, 10, 11, 14, 15): [[972, 993, 420], [833, 887], [843, 174]]
(0, 2, 4, 1, 6, 3, 5, 7, 8, 10, 12, 9, 14, 11, 13, 15): [[705, 483, 93], [973, 72], [473, 71]]
(0, 1, 2, 4, 3, 8, 12, 5, 6, 9, 13, 10, 14, 7, 11, 15): [[12, 841, 285], [75, 565], [192, 972]]
(0, 2, 1, 4, 3, 8, 12, 6, 5, 10, 14, 9, 13, 7, 11, 15): [[25, 800, 464], [281, 777], [190, 936]]
(0, 2, 4, 1, 6, 8, 3, 5, 10, 12, 7, 9, 14, 11, 13, 15): [[944, 487, 252], [356, 61], [213, 70]]
(0, 1, 2, 4, 8, 3, 5, 12, 6, 9, 13, 10, 7, 14, 11, 15): [[149, 868, 385], [284, 611], [452, 572]]
(0, 1, 4, 5, 2, 8, 3, 9, 6, 12, 7, 13, 10, 11, 14, 15): [[891, 357, 161], [999, 334], [533, 33]]
(0, 2, 4, 6, 8, 1, 10, 12, 3, 5, 14, 7, 9, 11, 13, 15): [[811, 177, 59], [358, 16], [877, 214]]
(0, 2, 4, 1, 6, 3, 5, 8, 7, 10, 12, 9, 14, 11, 13, 15): [[687, 388, 142], [888, 107], [414, 111]]
(0, 2, 4, 1, 6, 8, 3, 5, 10, 12, 7, 14, 9, 11, 13, 15): [[740, 409, 202], [910, 131], [687, 251]]
(0, 2, 4, 1, 6, 8, 3, 10, 5, 12, 7, 14, 9, 11, 13, 15): [[875, 475, 271], [679, 76], [544, 216]]
(0, 2, 1, 4, 8, 12, 3, 6, 5, 10, 14, 9, 13, 7, 11, 15): [[10, 672, 151], [111, 794], [85, 887]]
(0, 1, 2, 4, 8, 3, 12, 5, 6, 9, 13, 10, 14, 7, 11, 15): [[71, 964, 553], [195, 822], [299, 696]]
(0, 2, 1, 4, 3, 6, 5, 8, 7, 10, 9, 12, 11, 14, 13, 15): [[693, 528, 300], [539, 112], [643, 144]]
(0, 2, 1, 4, 3, 8, 12, 6, 10, 14, 5, 9, 13, 7, 11, 15): [[17, 927, 622], [156, 366], [60, 625]]
(0, 1, 2, 4, 3, 5, 8, 6, 9, 7, 10, 12, 11, 13, 14, 15): [[433, 114, 71], [659, 70], [744, 59]]
(0, 2, 4, 1, 8, 6, 3, 5, 10, 12, 9, 7, 14, 11, 13, 15): [[975, 692, 430], [516, 133], [374, 176]]
(0, 2, 1, 4, 8, 3, 6, 10, 5, 9, 12, 7, 11, 14, 13, 15): [[967, 580, 573], [643, 131], [907, 328]]
(0, 1, 4, 2, 5, 3, 8, 6, 9, 7, 12, 10, 13, 11, 14, 15): [[500, 172, 94], [878, 173], [472, 29]]
(0, 1, 4, 2, 5, 8, 3, 9, 6, 12, 7, 10, 13, 11, 14, 15): [[739, 658, 380], [852, 468], [758, 176]]
(0, 1, 2, 4, 8, 12, 3, 5, 6, 9, 13, 10, 14, 7, 11, 15): [[43, 804, 377], [36, 292], [143, 730]]
(0, 2, 4, 6, 1, 8, 3, 5, 10, 12, 7, 14, 9, 11, 13, 15): [[941, 448, 35], [630, 14], [643, 290]]
(0, 2, 4, 6, 1, 8, 3, 10, 5, 12, 7, 14, 9, 11, 13, 15): [[914, 725, 259], [622, 92], [750, 462]]
(0, 1, 4, 2, 5, 3, 8, 9, 6, 12, 7, 10, 13, 11, 14, 15): [[665, 236, 139], [281, 68], [509, 43]]
(0, 2, 1, 4, 3, 6, 8, 10, 5, 7, 9, 12, 11, 14, 13, 15): [[282, 34, 26], [201, 4], [697, 54]]
(0, 1, 4, 8, 5, 2, 9, 3, 12, 6, 13, 10, 7, 11, 14, 15): [[847, 191, 140], [635, 172], [875, 74]]
(0, 2, 1, 3, 4, 8, 12, 6, 5, 10, 14, 9, 13, 7, 11, 15): [[1, 990, 254], [70, 332], [131, 972]]
(0, 1, 4, 5, 2, 8, 3, 6, 9, 12, 7, 13, 10, 11, 14, 15): [[836, 806, 259], [667, 475], [912, 135]]
(0, 1, 4, 2, 5, 3, 6, 7, 8, 9, 12, 10, 13, 11, 14, 15): [[739, 178, 39], [522, 38], [101, 3]]
(0, 2, 1, 4, 3, 8, 6, 5, 10, 9, 7, 12, 11, 14, 13, 15): [[564, 425, 257], [772, 168], [953, 233]]
(0, 2, 4, 1, 6, 8, 3, 10, 5, 12, 7, 9, 14, 11, 13, 15): [[341, 199, 120], [764, 109], [878, 344]]
(0, 2, 1, 4, 3, 6, 8, 10, 5, 7, 12, 9, 14, 11, 13, 15): [[489, 165, 117], [623, 33], [481, 88]]
(0, 1, 2, 4, 3, 8, 5, 6, 9, 10, 7, 12, 11, 13, 14, 15): [[574, 253, 175], [475, 90], [558, 62]]
(0, 2, 4, 1, 6, 3, 8, 5, 10, 7, 12, 9, 14, 11, 13, 15): [[736, 567, 234], [837, 136], [762, 268]]
(0, 2, 4, 1, 6, 3, 8, 10, 5, 12, 7, 9, 14, 11, 13, 15): [[921, 600, 407], [731, 103], [9, 4]]
(0, 1, 2, 4, 3, 5, 8, 9, 6, 7, 10, 12, 11, 13, 14, 15): [[947, 371, 253], [869, 163], [863, 68]]
(0, 2, 1, 4, 3, 8, 6, 10, 5, 9, 7, 12, 11, 14, 13, 15): [[891, 121, 103], [484, 14], [922, 83]]
(0, 1, 2, 4, 3, 8, 5, 9, 6, 10, 7, 12, 11, 13, 14, 15): [[952, 331, 248], [621, 110], [978, 71]]
(0, 1, 4, 2, 5, 3, 8, 9, 6, 7, 12, 10, 13, 11, 14, 15): [[823, 188, 106], [646, 89], [458, 15]]
(0, 2, 4, 1, 6, 3, 8, 10, 5, 7, 12, 9, 14, 11, 13, 15): [[990, 338, 189], [775, 44], [957, 189]]
