(0, 2, 4, 8, 1, 6, 10, 12, 14, 3, 5, 9, 7, 11, 13, 15): [[654, 767, 740, 720], [671, 902]]
(0, 2, 4, 6, 8, 10, 12, 14, 1, 3, 5, 7, 9, 11, 13, 15): [[884, 472, 145, 71], [993, 781]]
(0, 2, 4, 8, 6, 10, 1, 12, 14, 3, 5, 9, 7, 11, 13, 15): [[214, 955, 692, 598], [17, 130]]
(0, 1, 2, 3, 4, 6, 5, 7, 8, 10, 9, 12, 11, 14, 13, 15): [[369, 754, 326, 97], [953, 248]]
(0, 2, 1, 3, 4, 8, 6, 10, 5, 12, 9, 14, 7, 11, 13, 15): [[361, 946, 894, 192], [583, 423]]
(0, 2, 4, 8, 1, 6, 10, 12, 3, 14, 5, 9, 7, 11, 13, 15): [[538, 986, 959, 440], [271, 500]]
(0, 1, 2, 4, 8, 3, 5, 6, 9, 10, 12, 14, 7, 11, 13, 15): [[764, 883, 861, 693], [994, 415]]
(0, 2, 4, 6, 1, 8, 10, 3, 12, 14, 5, 7, 9, 11, 13, 15): [[610, 821, 537, 207], [468, 625]]
(0, 2, 1, 3, 4, 6, 8, 10, 12, 14, 5, 7, 9, 11, 13, 15): [[133, 689, 664, 17], [313, 735]]
(0, 2, 4, 1, 8, 6, 10, 3, 12, 5, 14, 9, 7, 11, 13, 15): [[980, 792, 560, 406], [976, 645]]
(0, 2, 4, 6, 1, 3, 5, 7, 8, 10, 12, 14, 9, 11, 13, 15): [[767, 968, 98, 62], [194, 77]]
(0, 2, 4, 8, 6, 10, 12, 14, 1, 3, 5, 9, 7, 11, 13, 15): [[908, 873, 759, 584], [56, 496]]
(0, 2, 4, 8, 6, 10, 12, 1, 14, 3, 5, 9, 7, 11, 13, 15): [[959, 832, 700, 657], [251, 513]]
(0, 1, 2, 4, 3, 6, 5, 8, 10, 12, 7, 9, 14, 11, 13, 15): [[68, 938, 484, 311], [181, 135]]
(0, 2, 4, 1, 8, 6, 10, 12, 3, 5, 9, 14, 7, 11, 13, 15): [[985, 778, 658, 583], [917, 632]]
(0, 2, 4, 6, 8, 10, 1, 3, 12, 14, 5, 7, 9, 11, 13, 15): [[234, 551, 192, 6], [128, 393]]
(0, 1, 2, 4, 8, 3, 6, 5, 10, 12, 9, 14, 7, 11, 13, 15): [[524, 881, 748, 688], [113, 67]]
(0, 1, 2, 4, 6, 8, 3, 10, 12, 5, 14, 7, 9, 11, 13, 15): [[86, 677, 281, 250], [320, 641]]
(0, 2, 4, 6, 1, 8, 3, 10, 12, 14, 5, 7, 9, 11, 13, 15): [[928, 847, 519, 119], [598, 464]]
(0, 2, 4, 6, 8, 1, 10, 12, 3, 14, 5, 7, 9, 11, 13, 15): [[799, 948, 441, 241], [488, 610]]
(0, 1, 2, 3, 4, 8, 5, 9, 6, 10, 7, 11, 12, 13, 14, 15): [[253, 575, 545, 411], [851, 35]]
(0, 1, 2, 3, 4, 5, 8, 9, 6, 7, 10, 11, 12, 13, 14, 15): [[530, 872, 606, 314], [936, 23]]
(0, 2, 4, 6, 8, 10, 1, 12, 14, 3, 5, 7, 9, 11, 13, 15): [[926, 894, 118, 78], [930, 993]]
(0, 1, 2, 4, 8, 3, 6, 10, 5, 12, 14, 9, 7, 11, 13, 15): [[369, 983, 705, 424], [888, 742]]
(0, 1, 2, 4, 3, 5, 8, 6, 9, 10, 7, 12, 11, 13, 14, 15): [[618, 689, 473, 371], [882, 141]]
(0, 2, 4, 1, 8, 6, 10, 3, 12, 14, 5, 9, 7, 11, 13, 15): [[596, 574, 449, 212], [718, 641]]
(0, 2, 1, 4, 8, 6, 3, 10, 12, 5, 9, 14, 7, 11, 13, 15): [[912, 983, 793, 450], [830, 511]]
(0, 2, 4, 1, 8, 6, 10, 12, 3, 14, 5, 9, 7, 11, 13, 15): [[981, 984, 725, 647], [609, 599]]
(0, 2, 4, 8, 6, 1, 10, 12, 14, 3, 5, 9, 7, 11, 13, 15): [[749, 761, 504, 500], [476, 676]]
(0, 2, 1, 3, 4, 8, 6, 10, 5, 12, 9, 7, 14, 11, 13, 15): [[450, 930, 802, 140], [877, 514]]
(0, 1, 2, 4, 8, 3, 5, 9, 6, 10, 12, 7, 11, 13, 14, 15): [[424, 869, 854, 714], [964, 198]]
(0, 1, 2, 4, 3, 8, 6, 5, 10, 9, 12, 7, 14, 11, 13, 15): [[215, 707, 494, 293], [918, 449]]
(0, 2, 4, 8, 6, 1, 10, 12, 3, 14, 5, 9, 7, 11, 13, 15): [[889, 712, 521, 266], [608, 629]]
(0, 1, 2, 4, 8, 6, 10, 12, 3, 5, 9, 14, 7, 11, 13, 15): [[453, 784, 718, 654], [418, 343]]
(0, 1, 2, 3, 4, 6, 8, 5, 10, 7, 12, 9, 14, 11, 13, 15): [[569, 952, 634, 248], [994, 432]]
(0, 1, 2, 3, 4, 6, 8, 10, 5, 7, 9, 11, 12, 14, 13, 15): [[22, 935, 760, 98], [530, 222]]
(0, 2, 1, 4, 6, 8, 3, 10, 12, 5, 14, 7, 9, 11, 13, 15): [[356, 710, 374, 180], [743, 751]]
(0, 2, 1, 3, 4, 8, 6, 10, 12, 14, 5, 9, 7, 11, 13, 15): [[930, 712, 696, 59], [646, 330]]
(0, 1, 2, 4, 8, 3, 5, 6, 9, 10, 12, 7, 14, 11, 13, 15): [[887, 931, 885, 671], [417, 152]]
(0, 1, 2, 4, 3, 6, 8, 5, 10, 12, 7, 9, 14, 11, 13, 15): [[305, 919, 554, 304], [853, 577]]
(0, 1, 2, 3, 4, 8, 6, 10, 5, 9, 12, 7, 14, 11, 13, 15): [[17, 855, 758, 332], [719, 535]]
(0, 1, 2, 4, 8, 3, 6, 10, 5, 12, 9, 14, 7, 11, 13, 15): [[32, 219, 206, 117], [956, 860]]
(0, 1, 2, 4, 3, 8, 6, 10, 5, 9, 12, 7, 14, 11, 13, 15): [[405, 918, 713, 348], [966, 497]]
(0, 1, 2, 4, 3, 5, 6, 7, 8, 9, 10, 12, 11, 13, 14, 15): [[682, 743, 142, 104], [739, 46]]
(0, 2, 4, 6, 8, 10, 12, 1, 14, 3, 5, 7, 9, 11, 13, 15): [[276, 894, 522, 157], [115, 649]]
(0, 1, 2, 4, 8, 3, 6, 5, 10, 12, 9, 7, 14, 11, 13, 15): [[735, 795, 543, 385], [710, 302]]
(0, 1, 2, 3, 4, 8, 6, 10, 12, 14, 5, 9, 7, 11, 13, 15): [[5, 572, 543, 62], [642, 889]]
(0, 1, 2, 4, 3, 5, 8, 6, 9, 7, 10, 12, 11, 13, 14, 15): [[819, 440, 293, 270], [900, 89]]
(0, 2, 4, 1, 6, 3, 5, 8, 10, 12, 7, 14, 9, 11, 13, 15): [[119, 863, 214, 112], [153, 295]]
(0, 2, 4, 1, 6, 3, 8, 10, 12, 5, 14, 7, 9, 11, 13, 15): [[535, 444, 280, 86], [791, 455]]
(0, 1, 2, 4, 3, 8, 5, 6, 10, 9, 12, 7, 11, 14, 13, 15): [[859, 757, 564, 387], [620, 159]]
(0, 1, 2, 4, 3, 8, 6, 5, 10, 12, 9, 7, 14, 11, 13, 15): [[167, 569, 376, 272], [765, 477]]
(0, 2, 1, 4, 8, 6, 10, 12, 3, 5, 14, 9, 7, 11, 13, 15): [[580, 555, 420, 357], [962, 660]]
(0, 2, 1, 4, 6, 3, 8, 10, 5, 12, 14, 7, 9, 11, 13, 15): [[408, 774, 491, 239], [722, 593]]
(0, 2, 1, 3, 4, 6, 8, 10, 5, 7, 12, 14, 9, 11, 13, 15): [[179, 885, 531, 46], [923, 621]]
(0, 2, 4, 6, 1, 3, 8, 5, 10, 12, 7, 14, 9, 11, 13, 15): [[919, 684, 157, 108], [447, 235]]
(0, 1, 2, 3, 4, 6, 5, 8, 7, 10, 9, 12, 11, 14, 13, 15): [[947, 891, 540, 254], [346, 61]]
(0, 1, 2, 4, 8, 6, 10, 12, 14, 3, 5, 9, 7, 11, 13, 15): [[64, 851, 558, 555], [153, 443]]
(0, 2, 4, 6, 8, 10, 1, 12, 3, 14, 5, 7, 9, 11, 13, 15): [[364, 519, 390, 23], [424, 978]]
(0, 1, 2, 4, 3, 8, 5, 9, 6, 10, 12, 7, 11, 13, 14, 15): [[853, 911, 809, 719], [677, 66]]
(0, 2, 1, 3, 4, 6, 5, 7, 8, 10, 12, 14, 9, 11, 13, 15): [[302, 766, 166, 2], [372, 120]]
(0, 1, 2, 4, 3, 5, 8, 6, 9, 10, 7, 12, 11, 14, 13, 15): [[105, 905, 610, 456], [692, 220]]
(0, 1, 2, 4, 3, 5, 8, 9, 6, 10, 7, 12, 11, 13, 14, 15): [[219, 863, 694, 634], [236, 28]]
(0, 1, 2, 4, 8, 6, 10, 12, 3, 5, 14, 9, 7, 11, 13, 15): [[426, 712, 557, 526], [153, 148]]
(0, 2, 1, 4, 6, 3, 8, 10, 12, 14, 5, 7, 9, 11, 13, 15): [[968, 841, 649, 56], [886, 583]]
(0, 1, 2, 3, 4, 8, 6, 5, 10, 9, 12, 7, 11, 14, 13, 15): [[136, 935, 807, 446], [546, 287]]
(0, 2, 1, 4, 8, 6, 3, 10, 5, 12, 14, 9, 7, 11, 13, 15): [[434, 499, 325, 241], [973, 594]]
(0, 2, 1, 3, 4, 6, 5, 7, 8, 10, 9, 11, 12, 14, 13, 15): [[927, 910, 404, 10], [380, 63]]
(0, 2, 4, 6, 8, 1, 10, 12, 14, 3, 5, 7, 9, 11, 13, 15): [[266, 787, 264, 226], [216, 692]]
(0, 2, 4, 6, 1, 3, 8, 10, 12, 5, 14, 7, 9, 11, 13, 15): [[278, 892, 277, 160], [363, 586]]
(0, 2, 1, 4, 8, 6, 10, 3, 12, 14, 5, 9, 7, 11, 13, 15): [[157, 822, 750, 232], [233, 542]]
(0, 1, 2, 4, 8, 6, 3, 5, 10, 12, 9, 14, 7, 11, 13, 15): [[399, 811, 624, 553], [592, 426]]
(0, 1, 2, 3, 4, 6, 8, 5, 10, 7, 9, 12, 14, 11, 13, 15): [[669, 924, 540, 234], [950, 320]]
(0, 1, 2, 4, 3, 8, 6, 10, 5, 9, 12, 7, 11, 14, 13, 15): [[673, 782, 752, 387], [453, 159]]
(0, 1, 2, 4, 3, 5, 6, 8, 7, 10, 12, 9, 14, 11, 13, 15): [[857, 959, 449, 409], [364, 94]]
(0, 2, 4, 1, 6, 8, 3, 5, 10, 12, 14, 7, 9, 11, 13, 15): [[644, 767, 241, 213], [778, 547]]
(0, 2, 1, 3, 4, 8, 6, 10, 5, 9, 7, 11, 12, 14, 13, 15): [[667, 978, 977, 157], [541, 209]]
(0, 1, 2, 3, 4, 5, 6, 7, 8, 9, 10, 12, 11, 13, 14, 15): [[771, 961, 411, 230], [913, 95]]
(0, 2, 4, 6, 8, 1, 10, 3, 12, 14, 5, 7, 9, 11, 13, 15): [[669, 816, 568, 99], [376, 470]]
(0, 2, 1, 3, 4, 6, 8, 10, 5, 7, 9, 12, 14, 11, 13, 15): [[535, 954, 692, 224], [578, 262]]
(0, 1, 2, 3, 4, 6, 5, 7, 8, 10, 9, 12, 14, 11, 13, 15): [[485, 998, 444, 221], [328, 90]]
(0, 1, 2, 4, 3, 6, 5, 7, 8, 10, 12, 14, 9, 11, 13, 15): [[66, 933, 276, 104], [755, 881]]
(0, 2, 4, 6, 1, 3, 8, 10, 5, 12, 7, 14, 9, 11, 13, 15): [[778, 603, 293, 15], [562, 307]]
(0, 2, 4, 6, 1, 8, 3, 10, 5, 12, 14, 7, 9, 11, 13, 15): [[589, 812, 243, 154], [827, 746]]
(0, 2, 4, 6, 1, 3, 8, 10, 12, 14, 5, 7, 9, 11, 13, 15): [[415, 548, 278, 7], [828, 851]]
(0, 2, 4, 6, 1, 8, 10, 12, 3, 14, 5, 7, 9, 11, 13, 15): [[538, 995, 313, 168], [387, 697]]
(0, 1, 2, 3, 4, 8, 5, 6, 9, 10, 7, 11, 12, 14, 13, 15): [[537, 928, 816, 150], [513, 49]]
(0, 2, 1, 3, 4, 6, 8, 5, 10, 7, 12, 9, 14, 11, 13, 15): [[636, 717, 391, 109], [678, 241]]
(0, 1, 2, 4, 3, 5, 6, 7, 8, 9, 10, 12, 11, 14, 13, 15): [[934, 986, 311, 232], [626, 67]]
(0, 1, 2, 3, 4, 5, 8, 6, 9, 10, 7, 11, 12, 13, 14, 15): [[670, 520, 398, 230], [496, 47]]
(0, 1, 2, 4, 3, 5, 6, 8, 7, 9, 10, 12, 14, 11, 13, 15): [[972, 902, 353, 325], [476, 79]]
(0, 1, 2, 4, 8, 3, 5, 6, 10, 9, 12, 7, 14, 11, 13, 15): [[980, 750, 576, 522], [880, 283]]
(0, 1, 2, 4, 3, 8, 6, 10, 5, 12, 14, 9, 7, 11, 13, 15): [[292, 931, 647, 295], [802, 748]]
(0, 1, 2, 4, 8, 3, 6, 5, 10, 9, 12, 7, 14, 11, 13, 15): [[398, 657, 492, 346], [899, 380]]
(0, 2, 1, 3, 4, 6, 8, 10, 5, 12, 14, 7, 9, 11, 13, 15): [[384, 989, 643, 80], [787, 717]]
(0, 1, 2, 3, 4, 6, 5, 7, 8, 10, 12, 14, 9, 11, 13, 15): [[105, 798, 292, 106], [699, 395]]
(0, 2, 4, 6, 1, 8, 3, 5, 10, 12, 14, 7, 9, 11, 13, 15): [[676, 964, 162, 134], [938, 970]]
(0, 1, 2, 3, 4, 6, 5, 7, 8, 10, 9, 11, 12, 14, 13, 15): [[306, 885, 488, 103], [838, 210]]
(0, 1, 2, 4, 8, 3, 6, 10, 12, 5, 9, 14, 7, 11, 13, 15): [[778, 665, 638, 518], [909, 441]]
(0, 2, 4, 6, 1, 3, 8, 10, 5, 7, 12, 14, 9, 11, 13, 15): [[206, 816, 267, 8], [676, 968]]
(0, 1, 2, 4, 8, 6, 3, 10, 12, 5, 14, 9, 7, 11, 13, 15): [[175, 461, 302, 217], [705, 737]]
(0, 1, 2, 3, 4, 6, 8, 5, 10, 7, 12, 14, 9, 11, 13, 15): [[50, 645, 395, 47], [905, 597]]
(0, 2, 1, 3, 4, 6, 8, 5, 10, 7, 12, 14, 9, 11, 13, 15): [[230, 718, 433, 85], [265, 146]]
(0, 1, 2, 3, 4, 6, 8, 5, 10, 7, 9, 12, 11, 14, 13, 15): [[141, 974, 671, 231], [702, 318]]
(0, 2, 1, 4, 6, 3, 8, 5, 10, 12, 7, 14, 9, 11, 13, 15): [[401, 754, 303, 206], [876, 659]]
(0, 1, 2, 3, 4, 6, 8, 5, 10, 7, 9, 11, 12, 14, 13, 15): [[824, 846, 718, 90], [624, 55]]
(0, 2, 1, 4, 8, 6, 3, 10, 12, 5, 14, 9, 7, 11, 13, 15): [[771, 816, 609, 443], [962, 645]]
(0, 2, 1, 4, 8, 6, 10, 12, 3, 14, 5, 9, 7, 11, 13, 15): [[699, 878, 844, 717], [704, 796]]
(0, 2, 1, 4, 3, 6, 5, 7, 8, 10, 12, 14, 9, 11, 13, 15): [[193, 837, 254, 87], [853, 585]]
(0, 2, 1, 4, 6, 8, 3, 10, 5, 12, 14, 7, 9, 11, 13, 15): [[341, 575, 356, 193], [687, 512]]
(0, 2, 4, 1, 6, 3, 8, 10, 5, 7, 12, 14, 9, 11, 13, 15): [[771, 617, 352, 26], [888, 432]]
(0, 2, 4, 1, 8, 6, 10, 12, 3, 5, 14, 9, 7, 11, 13, 15): [[665, 975, 561, 505], [743, 701]]
(0, 1, 2, 3, 4, 8, 6, 5, 10, 9, 12, 7, 14, 11, 13, 15): [[19, 500, 389, 180], [83, 48]]
(0, 1, 2, 3, 4, 5, 6, 7, 8, 9, 10, 11, 12, 13, 14, 15): [[562, 878, 612, 14], [830, 5]]
(0, 2, 1, 4, 8, 6, 10, 3, 12, 5, 14, 9, 7, 11, 13, 15): [[854, 784, 557, 476], [900, 577]]
(0, 1, 2, 3, 4, 8, 6, 5, 10, 9, 7, 12, 11, 14, 13, 15): [[422, 776, 590, 228], [661, 189]]
(0, 2, 1, 4, 8, 6, 10, 12, 14, 3, 5, 9, 7, 11, 13, 15): [[133, 800, 694, 341], [73, 253]]
(0, 1, 2, 3, 4, 8, 6, 10, 12, 5, 14, 9, 7, 11, 13, 15): [[106, 938, 784, 314], [183, 200]]
(0, 1, 2, 4, 6, 8, 3, 10, 5, 12, 14, 7, 9, 11, 13, 15): [[230, 998, 492, 341], [402, 509]]
(0, 2, 1, 4, 3, 6, 8, 10, 5, 12, 14, 7, 9, 11, 13, 15): [[85, 474, 289, 93], [485, 578]]
(0, 1, 2, 4, 3, 6, 5, 8, 10, 7, 12, 14, 9, 11, 13, 15): [[112, 991, 441, 237], [948, 779]]
(0, 2, 1, 3, 4, 6, 8, 10, 5, 7, 12, 9, 14, 11, 13, 15): [[425, 984, 745, 70], [607, 351]]
(0, 2, 4, 6, 8, 1, 10, 12, 3, 5, 14, 7, 9, 11, 13, 15): [[651, 289, 145, 106], [377, 169]]
(0, 1, 2, 3, 4, 8, 5, 9, 6, 10, 12, 7, 11, 13, 14, 15): [[594, 531, 504, 317], [954, 146]]
(0, 2, 4, 1, 6, 8, 3, 10, 12, 14, 5, 7, 9, 11, 13, 15): [[791, 990, 717, 127], [271, 266]]
(0, 2, 1, 4, 3, 8, 6, 10, 12, 14, 5, 9, 7, 11, 13, 15): [[106, 594, 561, 43], [266, 944]]
(0, 2, 4, 1, 6, 8, 10, 3, 12, 5, 14, 7, 9, 11, 13, 15): [[703, 841, 481, 298], [668, 639]]
(0, 2, 4, 8, 1, 6, 10, 3, 12, 14, 5, 9, 7, 11, 13, 15): [[924, 994, 864, 298], [537, 582]]
(0, 2, 1, 4, 6, 3, 5, 7, 8, 10, 12, 14, 9, 11, 13, 15): [[80, 880, 132, 103], [519, 716]]
(0, 1, 2, 4, 8, 6, 10, 3, 12, 5, 9, 14, 7, 11, 13, 15): [[37, 931, 907, 708], [608, 891]]
(0, 1, 2, 3, 4, 5, 8, 9, 6, 7, 10, 12, 11, 13, 14, 15): [[88, 871, 697, 659], [220, 7]]
(0, 1, 2, 3, 4, 6, 8, 10, 5, 7, 9, 12, 14, 11, 13, 15): [[82, 986, 797, 145], [726, 522]]
(0, 1, 2, 3, 4, 5, 6, 7, 8, 9, 10, 11, 12, 14, 13, 15): [[526, 933, 483, 229], [835, 114]]
(0, 1, 2, 4, 3, 8, 6, 10, 5, 12, 9, 14, 7, 11, 13, 15): [[153, 917, 736, 409], [938, 696]]
(0, 2, 1, 4, 3, 8, 6, 10, 5, 12, 9, 7, 14, 11, 13, 15): [[897, 679, 546, 178], [794, 311]]
(0, 2, 1, 4, 6, 3, 5, 8, 7, 10, 12, 14, 9, 11, 13, 15): [[463, 654, 236, 137], [688, 317]]
(0, 1, 2, 4, 6, 3, 5, 8, 7, 10, 12, 14, 9, 11, 13, 15): [[377, 819, 298, 202], [879, 454]]
(0, 2, 4, 1, 6, 8, 10, 12, 14, 3, 5, 7, 9, 11, 13, 15): [[170, 840, 364, 327], [232, 887]]
(0, 2, 1, 4, 8, 3, 6, 10, 12, 5, 9, 14, 7, 11, 13, 15): [[666, 733, 705, 373], [247, 142]]
(0, 2, 1, 4, 8, 6, 10, 3, 12, 5, 9, 14, 7, 11, 13, 15): [[531, 637, 604, 414], [942, 769]]
(0, 1, 2, 4, 3, 8, 5, 6, 10, 9, 7, 12, 11, 14, 13, 15): [[992, 444, 298, 193], [497, 73]]
(0, 2, 1, 3, 4, 6, 8, 10, 5, 7, 9, 11, 12, 14, 13, 15): [[120, 992, 898, 62], [958, 532]]
(0, 1, 2, 3, 4, 6, 5, 8, 10, 7, 9, 11, 12, 14, 13, 15): [[398, 403, 276, 104], [159, 27]]
(0, 2, 4, 1, 8, 6, 10, 12, 14, 3, 5, 9, 7, 11, 13, 15): [[218, 958, 854, 391], [138, 604]]
(0, 1, 2, 4, 8, 3, 5, 9, 6, 10, 12, 7, 14, 11, 13, 15): [[149, 661, 623, 544], [867, 432]]
(0, 2, 1, 4, 6, 8, 10, 3, 12, 14, 5, 7, 9, 11, 13, 15): [[116, 913, 696, 94], [36, 214]]
(0, 2, 4, 1, 6, 3, 8, 5, 10, 12, 7, 14, 9, 11, 13, 15): [[741, 401, 195, 113], [248, 81]]
(0, 1, 2, 3, 4, 8, 5, 9, 6, 10, 7, 12, 11, 13, 14, 15): [[596, 780, 678, 546], [877, 71]]
(0, 1, 2, 4, 8, 6, 10, 12, 3, 14, 5, 9, 7, 11, 13, 15): [[55, 944, 927, 639], [380, 700]]
(0, 1, 2, 4, 3, 6, 8, 5, 10, 12, 7, 14, 9, 11, 13, 15): [[311, 989, 484, 304], [422, 312]]
(0, 2, 4, 6, 1, 8, 10, 12, 14, 3, 5, 7, 9, 11, 13, 15): [[593, 986, 457, 305], [587, 964]]
(0, 1, 2, 4, 3, 8, 5, 6, 9, 10, 12, 7, 14, 11, 13, 15): [[576, 948, 617, 575], [143, 46]]
(0, 1, 2, 4, 6, 8, 3, 5, 10, 12, 14, 7, 9, 11, 13, 15): [[291, 966, 469, 323], [553, 585]]
(0, 1, 2, 4, 8, 6, 3, 10, 5, 12, 9, 14, 7, 11, 13, 15): [[383, 757, 657, 554], [990, 702]]
(0, 1, 2, 4, 8, 3, 6, 10, 5, 9, 12, 14, 7, 11, 13, 15): [[546, 628, 562, 315], [816, 388]]
(0, 2, 4, 1, 6, 8, 10, 12, 3, 14, 5, 7, 9, 11, 13, 15): [[185, 739, 332, 252], [287, 598]]
(0, 1, 2, 3, 4, 5, 6, 7, 8, 10, 9, 11, 12, 14, 13, 15): [[9, 952, 627, 76], [584, 66]]
(0, 1, 2, 4, 3, 5, 6, 8, 7, 9, 10, 12, 11, 13, 14, 15): [[364, 741, 369, 305], [477, 69]]
(0, 1, 2, 3, 4, 5, 6, 8, 7, 9, 10, 12, 11, 14, 13, 15): [[80, 854, 547, 300], [630, 173]]
(0, 1, 2, 3, 4, 8, 6, 10, 5, 9, 7, 11, 12, 14, 13, 15): [[237, 697, 691, 128], [210, 104]]
(0, 1, 2, 4, 3, 6, 5, 8, 10, 7, 12, 9, 14, 11, 13, 15): [[500, 696, 365, 199], [962, 357]]
(0, 2, 1, 3, 4, 6, 8, 10, 5, 12, 7, 14, 9, 11, 13, 15): [[157, 642, 357, 108], [570, 525]]
(0, 2, 4, 8, 6, 10, 1, 3, 12, 14, 5, 9, 7, 11, 13, 15): [[825, 851, 838, 37], [288, 531]]
(0, 1, 2, 4, 6, 3, 8, 10, 5, 12, 14, 7, 9, 11, 13, 15): [[231, 853, 477, 271], [848, 894]]
(0, 1, 2, 4, 6, 3, 5, 7, 8, 10, 12, 14, 9, 11, 13, 15): [[145, 947, 218, 141], [352, 290]]
(0, 2, 1, 4, 3, 6, 8, 10, 12, 14, 5, 7, 9, 11, 13, 15): [[846, 707, 631, 73], [636, 430]]
(0, 2, 4, 6, 1, 8, 10, 12, 3, 5, 14, 7, 9, 11, 13, 15): [[951, 670, 247, 207], [922, 584]]
(0, 2, 1, 4, 3, 6, 8, 5, 10, 7, 12, 14, 9, 11, 13, 15): [[999, 858, 374, 19], [655, 231]]
(0, 1, 2, 4, 8, 6, 3, 5, 10, 12, 9, 7, 14, 11, 13, 15): [[875, 955, 521, 458], [397, 193]]
(0, 2, 4, 6, 1, 8, 10, 3, 12, 5, 14, 7, 9, 11, 13, 15): [[656, 672, 251, 132], [729, 638]]
(0, 1, 2, 3, 4, 5, 6, 8, 7, 9, 10, 11, 12, 14, 13, 15): [[106, 970, 632, 240], [346, 74]]
(0, 1, 2, 4, 6, 3, 8, 5, 10, 12, 7, 14, 9, 11, 13, 15): [[270, 997, 416, 348], [934, 811]]
(0, 2, 4, 1, 6, 3, 5, 8, 10, 12, 14, 7, 9, 11, 13, 15): [[130, 783, 164, 154], [477, 960]]
(0, 2, 1, 3, 4, 6, 8, 10, 12, 5, 14, 7, 9, 11, 13, 15): [[442, 944, 785, 92], [357, 301]]
(0, 2, 4, 6, 1, 3, 5, 8, 7, 10, 12, 14, 9, 11, 13, 15): [[313, 271, 46, 36], [899, 460]]
(0, 1, 2, 4, 8, 6, 10, 3, 12, 5, 14, 9, 7, 11, 13, 15): [[680, 997, 775, 621], [844, 731]]
(0, 2, 4, 1, 6, 8, 10, 3, 12, 14, 5, 7, 9, 11, 13, 15): [[449, 864, 598, 165], [87, 134]]
(0, 1, 2, 4, 8, 3, 6, 10, 12, 14, 5, 9, 7, 11, 13, 15): [[16, 877, 727, 319], [260, 551]]
(0, 1, 2, 3, 4, 8, 5, 9, 6, 10, 7, 12, 11, 14, 13, 15): [[215, 991, 980, 490], [959, 282]]
(0, 1, 2, 4, 8, 6, 3, 5, 10, 12, 14, 9, 7, 11, 13, 15): [[169, 814, 439, 413], [453, 429]]
(0, 1, 2, 4, 8, 3, 5, 6, 10, 12, 9, 7, 14, 11, 13, 15): [[577, 996, 662, 637], [153, 75]]
(0, 1, 2, 3, 4, 8, 5, 6, 9, 10, 12, 7, 11, 14, 13, 15): [[208, 867, 769, 466], [700, 255]]
(0, 1, 2, 4, 3, 5, 8, 6, 9, 7, 10, 12, 11, 14, 13, 15): [[652, 712, 459, 303], [969, 167]]
(0, 1, 2, 3, 4, 8, 5, 9, 6, 10, 12, 7, 11, 14, 13, 15): [[35, 961, 943, 480], [618, 225]]
(0, 2, 4, 6, 1, 8, 3, 10, 12, 5, 14, 7, 9, 11, 13, 15): [[698, 919, 252, 155], [576, 620]]
(0, 1, 2, 4, 3, 6, 8, 10, 5, 12, 7, 14, 9, 11, 13, 15): [[133, 780, 427, 164], [865, 930]]
(0, 1, 2, 4, 8, 3, 6, 5, 10, 9, 12, 14, 7, 11, 13, 15): [[72, 885, 851, 618], [887, 606]]
(0, 1, 2, 3, 4, 8, 6, 10, 5, 12, 9, 7, 14, 11, 13, 15): [[263, 847, 627, 287], [887, 518]]
(0, 1, 2, 4, 3, 8, 6, 10, 12, 5, 14, 9, 7, 11, 13, 15): [[109, 987, 803, 353], [439, 523]]
(0, 1, 2, 4, 8, 6, 3, 10, 12, 5, 9, 14, 7, 11, 13, 15): [[559, 933, 719, 527], [399, 306]]
(0, 1, 2, 4, 3, 8, 5, 6, 9, 10, 12, 7, 11, 14, 13, 15): [[245, 569, 414, 340], [341, 111]]
(0, 1, 2, 4, 3, 6, 5, 8, 10, 12, 7, 14, 9, 11, 13, 15): [[9, 361, 175, 100], [702, 689]]
(0, 2, 1, 4, 8, 6, 10, 12, 3, 5, 9, 14, 7, 11, 13, 15): [[933, 915, 895, 730], [853, 691]]
(0, 1, 2, 4, 3, 5, 6, 7, 8, 10, 12, 9, 14, 11, 13, 15): [[38, 907, 332, 241], [496, 199]]
(0, 1, 2, 3, 4, 5, 6, 7, 8, 10, 9, 12, 14, 11, 13, 15): [[20, 928, 297, 183], [979, 270]]
(0, 2, 1, 4, 3, 6, 5, 8, 7, 10, 12, 14, 9, 11, 13, 15): [[435, 726, 326, 108], [870, 376]]
(0, 1, 2, 4, 3, 8, 5, 6, 9, 10, 7, 12, 11, 14, 13, 15): [[530, 838, 574, 431], [937, 225]]
(0, 2, 4, 1, 8, 6, 3, 10, 12, 5, 14, 9, 7, 11, 13, 15): [[821, 525, 366, 263], [732, 351]]
(0, 1, 2, 4, 3, 6, 8, 10, 5, 12, 14, 7, 9, 11, 13, 15): [[48, 842, 537, 262], [667, 848]]
(0, 1, 2, 3, 4, 6, 8, 10, 5, 12, 14, 7, 9, 11, 13, 15): [[47, 621, 459, 155], [641, 765]]
(0, 2, 4, 1, 6, 3, 8, 10, 12, 14, 5, 7, 9, 11, 13, 15): [[225, 607, 315, 57], [517, 829]]
(0, 2, 1, 3, 4, 6, 5, 8, 7, 10, 12, 14, 9, 11, 13, 15): [[664, 697, 337, 10], [621, 220]]
(0, 1, 2, 3, 4, 8, 5, 6, 9, 10, 7, 12, 11, 14, 13, 15): [[300, 937, 717, 354], [458, 131]]
(0, 1, 2, 4, 3, 8, 5, 6, 10, 9, 12, 7, 14, 11, 13, 15): [[384, 825, 546, 448], [398, 155]]
(0, 2, 1, 4, 3, 6, 8, 10, 5, 12, 7, 14, 9, 11, 13, 15): [[340, 671, 408, 157], [664, 435]]
(0, 2, 1, 4, 8, 3, 6, 10, 5, 9, 12, 14, 7, 11, 13, 15): [[989, 936, 884, 394], [48, 21]]
(0, 1, 2, 3, 4, 8, 6, 5, 10, 9, 7, 11, 12, 14, 13, 15): [[459, 232, 218, 25], [888, 45]]
(0, 1, 2, 3, 4, 5, 8, 6, 9, 7, 10, 11, 12, 13, 14, 15): [[414, 992, 681, 312], [581, 6]]
(0, 2, 1, 3, 4, 8, 6, 10, 5, 9, 12, 7, 11, 14, 13, 15): [[854, 848, 811, 261], [841, 345]]
(0, 1, 2, 4, 3, 8, 5, 6, 10, 12, 9, 7, 14, 11, 13, 15): [[72, 329, 196, 152], [719, 378]]
(0, 1, 2, 4, 6, 3, 5, 8, 10, 12, 7, 14, 9, 11, 13, 15): [[465, 912, 365, 304], [365, 208]]
(0, 1, 2, 3, 4, 8, 6, 5, 10, 9, 7, 12, 14, 11, 13, 15): [[93, 731, 525, 246], [870, 456]]
(0, 1, 2, 4, 8, 6, 3, 10, 12, 14, 5, 9, 7, 11, 13, 15): [[161, 523, 483, 223], [373, 498]]
(0, 2, 1, 3, 4, 6, 8, 5, 10, 7, 9, 12, 11, 14, 13, 15): [[461, 872, 551, 155], [833, 295]]
(0, 2, 1, 4, 6, 8, 3, 10, 12, 14, 5, 7, 9, 11, 13, 15): [[246, 935, 540, 248], [465, 874]]
(0, 2, 1, 4, 6, 3, 5, 8, 10, 7, 12, 14, 9, 11, 13, 15): [[175, 997, 325, 131], [590, 664]]
(0, 1, 2, 3, 4, 8, 6, 10, 5, 9, 12, 7, 11, 14, 13, 15): [[109, 641, 566, 258], [344, 175]]
(0, 2, 1, 4, 8, 6, 3, 10, 12, 14, 5, 9, 7, 11, 13, 15): [[471, 693, 569, 251], [487, 454]]
(0, 2, 4, 8, 6, 10, 1, 12, 3, 14, 5, 9, 7, 11, 13, 15): [[931, 809, 630, 208], [773, 943]]
(0, 1, 2, 4, 8, 3, 5, 9, 6, 10, 12, 7, 11, 14, 13, 15): [[933, 794, 775, 566], [343, 80]]
(0, 2, 4, 1, 6, 3, 5, 7, 8, 10, 12, 14, 9, 11, 13, 15): [[483, 694, 78, 27], [819, 154]]
(0, 2, 1, 4, 3, 6, 8, 10, 12, 5, 14, 7, 9, 11, 13, 15): [[430, 710, 504, 186], [949, 748]]
(0, 2, 1, 4, 3, 8, 6, 10, 5, 9, 12, 7, 11, 14, 13, 15): [[578, 495, 443, 186], [541, 183]]
(0, 1, 2, 3, 4, 5, 6, 8, 7, 9, 10, 11, 12, 13, 14, 15): [[22, 928, 593, 333], [506, 77]]
(0, 2, 1, 4, 8, 3, 6, 10, 12, 14, 5, 9, 7, 11, 13, 15): [[517, 983, 862, 226], [285, 307]]
(0, 2, 1, 3, 4, 6, 8, 5, 10, 7, 9, 12, 14, 11, 13, 15): [[834, 891, 518, 140], [474, 133]]
(0, 2, 1, 4, 6, 8, 3, 5, 10, 12, 7, 9, 14, 11, 13, 15): [[686, 494, 247, 233], [872, 308]]
(0, 1, 2, 4, 3, 8, 5, 9, 6, 10, 12, 7, 11, 14, 13, 15): [[54, 871, 709, 570], [566, 219]]
(0, 2, 1, 3, 4, 8, 6, 10, 5, 9, 7, 12, 11, 14, 13, 15): [[983, 880, 747, 166], [430, 137]]
(0, 2, 4, 8, 1, 6, 10, 12, 3, 5, 9, 14, 7, 11, 13, 15): [[687, 328, 295, 286], [769, 423]]
(0, 1, 2, 3, 4, 5, 8, 6, 10, 9, 7, 12, 11, 14, 13, 15): [[274, 811, 524, 307], [722, 226]]
(0, 2, 1, 3, 4, 6, 5, 8, 10, 7, 12, 14, 9, 11, 13, 15): [[507, 959, 455, 92], [500, 258]]
(0, 1, 2, 3, 4, 8, 5, 6, 10, 9, 7, 12, 11, 14, 13, 15): [[205, 997, 719, 345], [365, 119]]
(0, 1, 2, 4, 6, 3, 8, 10, 12, 14, 5, 7, 9, 11, 13, 15): [[11, 952, 660, 104], [147, 968]]
(0, 1, 2, 4, 3, 8, 6, 5, 10, 9, 7, 12, 11, 14, 13, 15): [[945, 558, 383, 199], [910, 169]]
(0, 1, 2, 4, 6, 8, 10, 12, 3, 14, 5, 7, 9, 11, 13, 15): [[162, 909, 483, 403], [288, 675]]
(0, 2, 1, 3, 4, 6, 5, 8, 7, 10, 9, 12, 11, 14, 13, 15): [[884, 422, 246, 95], [513, 56]]
(0, 2, 1, 4, 6, 3, 8, 10, 12, 5, 14, 7, 9, 11, 13, 15): [[418, 880, 460, 60], [512, 522]]
(0, 2, 1, 4, 6, 3, 8, 5, 10, 7, 12, 14, 9, 11, 13, 15): [[552, 799, 363, 129], [980, 549]]
(0, 2, 4, 1, 6, 3, 5, 8, 7, 10, 12, 14, 9, 11, 13, 15): [[321, 724, 161, 156], [462, 400]]
(0, 1, 2, 3, 4, 6, 5, 8, 10, 7, 12, 14, 9, 11, 13, 15): [[52, 527, 243, 104], [728, 548]]
(0, 1, 2, 4, 3, 5, 8, 6, 9, 10, 12, 7, 11, 14, 13, 15): [[118, 889, 589, 462], [884, 334]]
(0, 1, 2, 4, 8, 6, 3, 10, 5, 12, 14, 9, 7, 11, 13, 15): [[498, 713, 423, 399], [941, 727]]
(0, 1, 2, 4, 3, 8, 5, 9, 6, 10, 7, 12, 11, 13, 14, 15): [[655, 728, 548, 418], [913, 141]]
(0, 1, 2, 4, 3, 5, 6, 8, 7, 10, 9, 12, 11, 14, 13, 15): [[862, 500, 241, 162], [766, 96]]
(0, 1, 2, 3, 4, 8, 5, 9, 6, 10, 7, 11, 12, 14, 13, 15): [[188, 628, 624, 255], [760, 208]]
(0, 1, 2, 4, 3, 5, 6, 8, 10, 7, 9, 12, 11, 14, 13, 15): [[721, 624, 364, 250], [982, 192]]
(0, 2, 1, 4, 3, 6, 8, 10, 5, 7, 12, 14, 9, 11, 13, 15): [[768, 250, 189, 26], [226, 50]]
(0, 2, 1, 4, 6, 8, 10, 12, 14, 3, 5, 7, 9, 11, 13, 15): [[136, 923, 429, 340], [268, 806]]
(0, 1, 2, 3, 4, 8, 6, 10, 5, 12, 9, 14, 7, 11, 13, 15): [[51, 856, 759, 213], [93, 80]]
(0, 1, 2, 4, 8, 6, 10, 3, 12, 14, 5, 9, 7, 11, 13, 15): [[64, 879, 865, 294], [250, 861]]
(0, 2, 1, 4, 3, 8, 6, 10, 12, 5, 14, 9, 7, 11, 13, 15): [[476, 873, 700, 247], [635, 517]]
(0, 2, 4, 1, 6, 8, 3, 10, 12, 5, 14, 7, 9, 11, 13, 15): [[657, 825, 480, 241], [895, 769]]
(0, 1, 2, 4, 8, 3, 5, 9, 6, 10, 12, 14, 7, 11, 13, 15): [[220, 982, 953, 790], [747, 404]]
(0, 2, 4, 1, 6, 8, 10, 12, 3, 5, 14, 7, 9, 11, 13, 15): [[378, 877, 435, 336], [526, 735]]
(0, 1, 2, 3, 4, 5, 8, 9, 6, 10, 7, 11, 12, 13, 14, 15): [[69, 930, 825, 485], [428, 38]]
(0, 1, 2, 3, 4, 6, 5, 8, 10, 7, 9, 12, 11, 14, 13, 15): [[37, 832, 520, 105], [601, 313]]
(0, 2, 1, 3, 4, 6, 8, 10, 5, 7, 9, 12, 11, 14, 13, 15): [[952, 570, 427, 116], [749, 155]]
(0, 1, 2, 4, 8, 3, 5, 6, 9, 10, 12, 7, 11, 14, 13, 15): [[873, 710, 594, 429], [614, 141]]
(0, 2, 1, 4, 3, 6, 5, 8, 7, 10, 9, 12, 11, 14, 13, 15): [[927, 300, 153, 66], [209, 23]]
(0, 1, 2, 4, 3, 8, 6, 5, 10, 9, 12, 7, 11, 14, 13, 15): [[233, 482, 423, 261], [270, 115]]
(0, 1, 2, 3, 4, 8, 6, 10, 5, 9, 12, 14, 7, 11, 13, 15): [[455, 867, 853, 281], [792, 445]]
(0, 1, 2, 3, 4, 5, 8, 6, 9, 7, 10, 12, 11, 13, 14, 15): [[46, 686, 465, 346], [682, 171]]
(0, 2, 4, 6, 1, 3, 8, 10, 5, 12, 14, 7, 9, 11, 13, 15): [[525, 973, 276, 71], [417, 487]]
(0, 2, 1, 4, 6, 8, 3, 5, 10, 12, 14, 7, 9, 11, 13, 15): [[205, 569, 264, 192], [323, 320]]
(0, 1, 2, 4, 3, 5, 6, 8, 7, 10, 9, 12, 14, 11, 13, 15): [[550, 555, 289, 225], [962, 214]]
(0, 1, 2, 3, 4, 6, 5, 8, 7, 10, 12, 14, 9, 11, 13, 15): [[40, 702, 303, 62], [910, 845]]
(0, 1, 2, 4, 8, 3, 6, 10, 12, 5, 14, 9, 7, 11, 13, 15): [[74, 594, 460, 222], [284, 418]]
(0, 2, 4, 8, 6, 1, 10, 3, 12, 14, 5, 9, 7, 11, 13, 15): [[971, 676, 578, 215], [531, 454]]
(0, 2, 1, 3, 4, 8, 6, 10, 12, 5, 14, 9, 7, 11, 13, 15): [[456, 869, 762, 208], [501, 399]]
(0, 1, 2, 4, 6, 3, 8, 5, 10, 12, 14, 7, 9, 11, 13, 15): [[218, 955, 366, 309], [774, 856]]
(0, 2, 1, 4, 8, 6, 3, 5, 10, 12, 9, 7, 14, 11, 13, 15): [[510, 358, 230, 181], [362, 133]]
(0, 1, 2, 4, 8, 3, 6, 5, 10, 9, 12, 7, 11, 14, 13, 15): [[827, 497, 422, 267], [531, 125]]
(0, 1, 2, 3, 4, 8, 6, 5, 10, 12, 9, 7, 14, 11, 13, 15): [[32, 939, 643, 298], [723, 555]]
(0, 1, 2, 4, 6, 3, 8, 10, 12, 5, 14, 7, 9, 11, 13, 15): [[97, 881, 476, 226], [568, 914]]
(0, 1, 2, 4, 6, 8, 10, 12, 14, 3, 5, 7, 9, 11, 13, 15): [[27, 762, 409, 189], [83, 552]]
(0, 1, 2, 4, 3, 8, 5, 6, 9, 10, 12, 7, 11, 13, 14, 15): [[524, 691, 508, 407], [931, 184]]
(0, 1, 2, 4, 3, 5, 8, 9, 6, 7, 10, 12, 11, 13, 14, 15): [[813, 728, 527, 487], [893, 89]]
(0, 1, 2, 3, 4, 5, 8, 6, 9, 7, 10, 12, 11, 14, 13, 15): [[636, 747, 480, 295], [963, 157]]
(0, 1, 2, 3, 4, 6, 8, 10, 5, 12, 7, 14, 9, 11, 13, 15): [[4, 362, 111, 24], [248, 611]]
(0, 2, 1, 3, 4, 8, 6, 10, 5, 9, 12, 7, 14, 11, 13, 15): [[605, 734, 676, 102], [673, 323]]
(0, 2, 1, 3, 4, 6, 5, 7, 8, 10, 9, 12, 11, 14, 13, 15): [[505, 669, 320, 84], [632, 120]]
(0, 2, 1, 3, 4, 6, 8, 5, 10, 7, 9, 11, 12, 14, 13, 15): [[392, 867, 540, 32], [845, 314]]
(0, 1, 2, 3, 4, 5, 8, 9, 6, 10, 7, 12, 11, 13, 14, 15): [[41, 996, 925, 844], [997, 69]]
(0, 2, 1, 4, 8, 3, 6, 10, 5, 12, 9, 14, 7, 11, 13, 15): [[976, 955, 753, 475], [506, 254]]
(0, 1, 2, 4, 8, 3, 5, 6, 10, 12, 9, 14, 7, 11, 13, 15): [[308, 431, 338, 302], [798, 368]]
(0, 1, 2, 3, 4, 5, 6, 8, 7, 10, 9, 12, 11, 14, 13, 15): [[173, 654, 363, 187], [380, 106]]
(0, 1, 2, 3, 4, 6, 5, 8, 7, 10, 9, 11, 12, 14, 13, 15): [[88, 905, 651, 98], [611, 179]]
(0, 1, 2, 3, 4, 5, 6, 7, 8, 10, 12, 14, 9, 11, 13, 15): [[46, 829, 69, 27], [546, 102]]
(0, 2, 4, 1, 6, 3, 5, 8, 10, 7, 12, 14, 9, 11, 13, 15): [[884, 961, 295, 225], [252, 129]]
(0, 1, 2, 4, 8, 3, 6, 10, 5, 9, 12, 7, 14, 11, 13, 15): [[242, 632, 570, 342], [836, 456]]
(0, 2, 4, 6, 1, 3, 8, 5, 10, 7, 12, 14, 9, 11, 13, 15): [[743, 628, 195, 38], [506, 242]]
(0, 2, 1, 4, 6, 3, 8, 10, 5, 7, 12, 14, 9, 11, 13, 15): [[844, 894, 447, 25], [862, 448]]
(0, 2, 1, 4, 6, 3, 8, 10, 5, 12, 7, 14, 9, 11, 13, 15): [[371, 627, 323, 104], [902, 623]]
(0, 2, 4, 1, 6, 8, 3, 10, 5, 12, 14, 7, 9, 11, 13, 15): [[994, 989, 575, 339], [342, 214]]
(0, 1, 2, 3, 4, 5, 8, 6, 9, 10, 7, 12, 11, 14, 13, 15): [[105, 971, 727, 403], [783, 217]]
(0, 1, 2, 3, 4, 8, 5, 6, 10, 9, 7, 11, 12, 14, 13, 15): [[846, 683, 578, 220], [700, 108]]
(0, 2, 1, 4, 3, 6, 5, 8, 7, 10, 12, 9, 14, 11, 13, 15): [[834, 715, 323, 209], [509, 136]]
(0, 1, 2, 4, 3, 6, 5, 7, 8, 10, 12, 9, 14, 11, 13, 15): [[548, 353, 69, 56], [383, 36]]
(0, 1, 2, 4, 6, 8, 10, 12, 3, 5, 14, 7, 9, 11, 13, 15): [[250, 867, 409, 395], [245, 385]]
(0, 2, 1, 3, 4, 6, 8, 10, 5, 12, 7, 9, 14, 11, 13, 15): [[360, 772, 568, 172], [893, 528]]
(0, 1, 2, 3, 4, 8, 5, 6, 9, 10, 7, 11, 12, 13, 14, 15): [[331, 849, 737, 241], [610, 70]]
(0, 2, 1, 4, 8, 6, 3, 10, 5, 12, 9, 7, 14, 11, 13, 15): [[829, 587, 410, 225], [362, 144]]
(0, 1, 2, 3, 4, 8, 6, 10, 5, 9, 7, 12, 11, 14, 13, 15): [[402, 478, 437, 155], [534, 154]]
(0, 2, 4, 8, 1, 6, 10, 12, 3, 5, 14, 9, 7, 11, 13, 15): [[906, 558, 439, 428], [410, 262]]
(0, 2, 1, 3, 4, 6, 5, 8, 7, 10, 9, 12, 14, 11, 13, 15): [[818, 930, 508, 189], [459, 124]]
(0, 2, 1, 4, 6, 3, 8, 5, 10, 12, 7, 9, 14, 11, 13, 15): [[593, 548, 252, 209], [620, 228]]
(0, 1, 2, 3, 4, 8, 6, 10, 5, 12, 14, 9, 7, 11, 13, 15): [[79, 990, 742, 296], [830, 890]]
(0, 1, 2, 4, 6, 8, 10, 3, 12, 5, 14, 7, 9, 11, 13, 15): [[303, 948, 467, 423], [468, 619]]
(0, 1, 2, 4, 8, 3, 5, 6, 10, 9, 12, 14, 7, 11, 13, 15): [[150, 656, 614, 592], [401, 301]]
(0, 1, 2, 4, 3, 6, 5, 8, 7, 10, 12, 14, 9, 11, 13, 15): [[484, 873, 321, 184], [314, 117]]
(0, 2, 1, 4, 8, 3, 6, 5, 10, 12, 9, 7, 14, 11, 13, 15): [[946, 714, 471, 335], [542, 197]]
(0, 2, 4, 6, 1, 3, 5, 8, 10, 12, 7, 14, 9, 11, 13, 15): [[824, 795, 187, 184], [266, 149]]
(0, 1, 2, 4, 3, 8, 6, 10, 5, 9, 12, 14, 7, 11, 13, 15): [[126, 675, 613, 338], [644, 412]]
(0, 2, 4, 1, 6, 8, 3, 5, 10, 12, 7, 14, 9, 11, 13, 15): [[785, 775, 294, 274], [444, 224]]
(0, 2, 1, 3, 4, 6, 5, 7, 8, 10, 9, 12, 14, 11, 13, 15): [[85, 273, 49, 5], [650, 88]]
(0, 1, 2, 4, 6, 3, 5, 8, 7, 10, 12, 9, 14, 11, 13, 15): [[602, 570, 242, 211], [479, 144]]
(0, 1, 2, 3, 4, 6, 5, 8, 10, 7, 9, 12, 14, 11, 13, 15): [[250, 809, 467, 217], [928, 352]]
(0, 1, 2, 3, 4, 5, 8, 6, 9, 7, 10, 11, 12, 14, 13, 15): [[430, 948, 740, 244], [887, 129]]
(0, 1, 2, 4, 3, 5, 8, 6, 9, 10, 12, 7, 14, 11, 13, 15): [[57, 882, 504, 498], [702, 267]]
(0, 1, 2, 3, 4, 6, 5, 8, 10, 7, 12, 9, 14, 11, 13, 15): [[7, 560, 280, 137], [611, 426]]
(0, 2, 1, 4, 8, 6, 3, 10, 5, 12, 9, 14, 7, 11, 13, 15): [[959, 820, 529, 454], [314, 158]]
(0, 2, 1, 3, 4, 6, 5, 8, 7, 10, 9, 11, 12, 14, 13, 15): [[907, 589, 330, 97], [285, 36]]
(0, 1, 2, 4, 6, 8, 3, 5, 10, 12, 7, 14, 9, 11, 13, 15): [[400, 929, 391, 377], [485, 384]]
(0, 2, 4, 1, 6, 3, 8, 10, 5, 12, 7, 14, 9, 11, 13, 15): [[769, 964, 461, 143], [828, 516]]
(0, 1, 2, 4, 3, 5, 6, 8, 7, 9, 10, 12, 11, 14, 13, 15): [[736, 916, 453, 373], [703, 135]]
(0, 2, 1, 4, 6, 8, 3, 10, 5, 12, 7, 14, 9, 11, 13, 15): [[470, 341, 213, 118], [221, 92]]
(0, 1, 2, 4, 3, 5, 6, 8, 10, 12, 7, 9, 14, 11, 13, 15): [[60, 779, 386, 369], [923, 552]]
(0, 2, 1, 4, 3, 6, 8, 5, 10, 7, 12, 9, 14, 11, 13, 15): [[950, 667, 386, 140], [512, 140]]
(0, 1, 2, 3, 4, 8, 6, 10, 12, 5, 9, 14, 7, 11, 13, 15): [[116, 920, 843, 283], [432, 418]]
(0, 1, 2, 4, 3, 6, 8, 10, 12, 5, 14, 7, 9, 11, 13, 15): [[262, 962, 688, 272], [593, 615]]
(0, 2, 1, 3, 4, 8, 6, 10, 5, 12, 14, 9, 7, 11, 13, 15): [[382, 791, 722, 84], [808, 559]]
(0, 1, 2, 4, 6, 8, 3, 10, 12, 14, 5, 7, 9, 11, 13, 15): [[69, 826, 480, 195], [364, 992]]
(0, 1, 2, 4, 3, 5, 8, 9, 6, 10, 12, 7, 11, 13, 14, 15): [[6, 346, 253, 235], [743, 260]]
(0, 2, 1, 3, 4, 6, 5, 7, 8, 10, 12, 9, 14, 11, 13, 15): [[323, 852, 249, 53], [843, 214]]
(0, 2, 1, 3, 4, 6, 5, 8, 10, 7, 9, 11, 12, 14, 13, 15): [[572, 431, 271, 32], [797, 146]]
(0, 2, 1, 4, 8, 3, 6, 10, 12, 5, 14, 9, 7, 11, 13, 15): [[310, 677, 569, 225], [577, 567]]
(0, 1, 2, 4, 3, 8, 6, 5, 10, 12, 9, 14, 7, 11, 13, 15): [[194, 950, 670, 437], [187, 152]]
(0, 1, 2, 4, 3, 6, 8, 10, 5, 12, 7, 9, 14, 11, 13, 15): [[139, 310, 203, 101], [421, 267]]
(0, 1, 2, 4, 3, 5, 6, 7, 8, 10, 9, 12, 14, 11, 13, 15): [[883, 752, 171, 144], [984, 97]]
(0, 1, 2, 4, 6, 3, 5, 8, 10, 7, 12, 9, 14, 11, 13, 15): [[815, 846, 337, 318], [729, 261]]
(0, 1, 2, 3, 4, 5, 6, 7, 8, 10, 12, 9, 14, 11, 13, 15): [[8, 773, 261, 115], [568, 206]]
(0, 2, 1, 4, 3, 6, 8, 10, 5, 7, 12, 9, 14, 11, 13, 15): [[981, 798, 488, 170], [934, 345]]
(0, 1, 2, 4, 3, 6, 8, 10, 12, 14, 5, 7, 9, 11, 13, 15): [[29, 940, 658, 205], [209, 477]]
(0, 1, 2, 3, 4, 5, 6, 7, 8, 10, 9, 12, 11, 14, 13, 15): [[608, 675, 237, 123], [727, 89]]
(0, 1, 2, 3, 4, 5, 8, 6, 9, 10, 7, 11, 12, 14, 13, 15): [[71, 909, 842, 77], [755, 53]]
(0, 1, 2, 3, 4, 5, 6, 7, 8, 9, 10, 12, 11, 14, 13, 15): [[9, 647, 274, 190], [616, 145]]
(0, 1, 2, 4, 3, 5, 8, 6, 9, 10, 12, 7, 11, 13, 14, 15): [[109, 806, 548, 519], [852, 266]]
(0, 2, 1, 4, 6, 3, 5, 7, 8, 10, 12, 9, 14, 11, 13, 15): [[761, 563, 157, 96], [393, 74]]
(0, 1, 2, 4, 3, 5, 6, 7, 8, 10, 12, 14, 9, 11, 13, 15): [[149, 977, 54, 44], [652, 98]]
(0, 1, 2, 3, 4, 6, 8, 10, 5, 7, 9, 12, 11, 14, 13, 15): [[193, 548, 404, 108], [473, 212]]
(0, 1, 2, 3, 4, 6, 5, 7, 8, 10, 12, 9, 14, 11, 13, 15): [[198, 899, 348, 122], [438, 155]]
(0, 1, 2, 3, 4, 5, 6, 8, 7, 9, 10, 12, 11, 13, 14, 15): [[579, 902, 543, 341], [307, 46]]
(0, 2, 1, 3, 4, 8, 6, 10, 12, 5, 9, 14, 7, 11, 13, 15): [[974, 694, 657, 106], [464, 212]]
(0, 1, 2, 3, 4, 6, 8, 10, 5, 7, 12, 9, 14, 11, 13, 15): [[40, 762, 645, 67], [516, 445]]
(0, 2, 4, 6, 1, 3, 8, 5, 10, 12, 14, 7, 9, 11, 13, 15): [[110, 625, 99, 63], [299, 837]]
(0, 1, 2, 4, 8, 3, 6, 10, 5, 9, 12, 7, 11, 14, 13, 15): [[837, 729, 719, 416], [961, 296]]
(0, 1, 2, 4, 3, 6, 8, 5, 10, 7, 12, 9, 14, 11, 13, 15): [[676, 865, 529, 329], [412, 143]]
(0, 1, 2, 3, 4, 8, 6, 10, 5, 9, 7, 12, 14, 11, 13, 15): [[185, 664, 578, 116], [981, 611]]
(0, 1, 2, 4, 3, 6, 5, 8, 7, 10, 9, 12, 14, 11, 13, 15): [[238, 322, 150, 85], [401, 97]]
(0, 1, 2, 4, 6, 3, 5, 8, 10, 12, 7, 9, 14, 11, 13, 15): [[309, 481, 228, 193], [658, 310]]
(0, 1, 2, 4, 3, 5, 8, 6, 10, 12, 9, 7, 14, 11, 13, 15): [[196, 908, 480, 471], [371, 218]]
(0, 1, 2, 4, 3, 8, 6, 10, 5, 12, 9, 7, 14, 11, 13, 15): [[417, 890, 640, 288], [907, 540]]
(0, 2, 1, 4, 6, 8, 3, 5, 10, 12, 7, 14, 9, 11, 13, 15): [[436, 642, 281, 274], [984, 629]]
(0, 2, 4, 1, 6, 3, 8, 10, 5, 12, 14, 7, 9, 11, 13, 15): [[713, 937, 397, 173], [754, 581]]
(0, 1, 2, 3, 4, 6, 8, 5, 10, 12, 7, 14, 9, 11, 13, 15): [[4, 700, 395, 202], [174, 160]]
(0, 1, 2, 4, 3, 5, 6, 8, 7, 10, 12, 14, 9, 11, 13, 15): [[2, 918, 379, 290], [986, 736]]
(0, 2, 1, 4, 3, 6, 8, 5, 10, 12, 7, 9, 14, 11, 13, 15): [[748, 849, 518, 313], [784, 368]]
(0, 1, 2, 4, 3, 6, 5, 8, 7, 10, 12, 9, 14, 11, 13, 15): [[428, 775, 355, 224], [714, 230]]
(0, 1, 2, 3, 4, 6, 8, 10, 12, 14, 5, 7, 9, 11, 13, 15): [[5, 688, 320, 47], [174, 479]]
(0, 2, 1, 4, 6, 3, 5, 8, 7, 10, 12, 9, 14, 11, 13, 15): [[933, 131, 54, 32], [312, 18]]
(0, 1, 2, 3, 4, 6, 5, 8, 7, 10, 12, 9, 14, 11, 13, 15): [[553, 892, 438, 178], [910, 276]]
(0, 1, 2, 3, 4, 6, 8, 10, 5, 12, 7, 9, 14, 11, 13, 15): [[135, 918, 690, 225], [724, 514]]
(0, 1, 2, 4, 3, 8, 6, 10, 12, 5, 9, 14, 7, 11, 13, 15): [[439, 956, 926, 362], [792, 582]]
(0, 1, 2, 4, 3, 5, 6, 8, 10, 7, 9, 12, 14, 11, 13, 15): [[134, 613, 350, 223], [423, 183]]
(0, 2, 4, 1, 6, 8, 3, 5, 10, 12, 7, 9, 14, 11, 13, 15): [[767, 367, 172, 165], [938, 239]]
(0, 2, 4, 6, 1, 3, 5, 8, 10, 7, 12, 14, 9, 11, 13, 15): [[619, 663, 56, 34], [963, 835]]
(0, 1, 2, 3, 4, 8, 5, 6, 10, 9, 12, 7, 11, 14, 13, 15): [[463, 780, 662, 385], [825, 261]]
(0, 2, 1, 4, 3, 6, 5, 7, 8, 10, 12, 9, 14, 11, 13, 15): [[879, 849, 253, 148], [915, 195]]
(0, 2, 1, 4, 6, 8, 10, 12, 3, 14, 5, 7, 9, 11, 13, 15): [[132, 905, 578, 256], [227, 803]]
(0, 2, 1, 4, 3, 6, 8, 10, 5, 12, 7, 9, 14, 11, 13, 15): [[740, 976, 676, 291], [621, 338]]
(0, 2, 1, 4, 3, 8, 6, 10, 12, 5, 9, 14, 7, 11, 13, 15): [[734, 822, 725, 243], [593, 347]]
(0, 2, 1, 4, 3, 8, 6, 10, 5, 12, 9, 14, 7, 11, 13, 15): [[672, 880, 796, 310], [737, 411]]
(0, 1, 2, 4, 3, 6, 8, 5, 10, 12, 14, 7, 9, 11, 13, 15): [[46, 872, 422, 327], [883, 985]]
(0, 2, 4, 1, 8, 6, 3, 5, 10, 12, 14, 9, 7, 11, 13, 15): [[753, 721, 402, 367], [833, 446]]
(0, 1, 2, 4, 3, 5, 6, 8, 10, 7, 12, 9, 14, 11, 13, 15): [[352, 808, 437, 318], [874, 334]]
(0, 2, 1, 3, 4, 6, 5, 8, 7, 10, 12, 9, 14, 11, 13, 15): [[911, 719, 377, 55], [508, 124]]
(0, 1, 2, 3, 4, 6, 8, 10, 5, 7, 12, 14, 9, 11, 13, 15): [[121, 703, 460, 132], [965, 740]]
(0, 1, 2, 3, 4, 5, 6, 8, 10, 7, 9, 12, 11, 14, 13, 15): [[104, 820, 504, 302], [312, 126]]
(0, 2, 1, 4, 3, 8, 6, 10, 5, 9, 12, 7, 14, 11, 13, 15): [[765, 922, 734, 308], [899, 372]]
(0, 2, 1, 4, 6, 3, 5, 8, 10, 12, 7, 14, 9, 11, 13, 15): [[168, 693, 197, 128], [673, 780]]
(0, 2, 1, 4, 3, 8, 6, 10, 5, 12, 14, 9, 7, 11, 13, 15): [[464, 902, 659, 306], [691, 533]]
(0, 1, 2, 4, 3, 8, 6, 10, 12, 14, 5, 9, 7, 11, 13, 15): [[6, 212, 176, 58], [330, 789]]
(0, 2, 4, 6, 1, 3, 5, 8, 10, 12, 14, 7, 9, 11, 13, 15): [[91, 952, 57, 33], [171, 942]]
(0, 2, 1, 4, 3, 6, 5, 8, 10, 7, 12, 14, 9, 11, 13, 15): [[682, 820, 361, 135], [862, 362]]
(0, 1, 2, 4, 6, 3, 5, 8, 10, 12, 14, 7, 9, 11, 13, 15): [[107, 738, 196, 180], [45, 72]]
(0, 2, 1, 4, 3, 6, 8, 5, 10, 12, 7, 14, 9, 11, 13, 15): [[381, 520, 301, 147], [865, 451]]
(0, 1, 2, 4, 3, 6, 8, 5, 10, 7, 9, 12, 14, 11, 13, 15): [[168, 751, 482, 268], [331, 168]]
(0, 1, 2, 4, 3, 6, 5, 8, 10, 7, 9, 12, 14, 11, 13, 15): [[197, 734, 434, 253], [457, 184]]
(0, 2, 4, 1, 6, 3, 8, 5, 10, 7, 12, 14, 9, 11, 13, 15): [[453, 810, 318, 142], [649, 467]]
(0, 2, 1, 4, 3, 6, 8, 5, 10, 7, 9, 12, 14, 11, 13, 15): [[971, 505, 279, 145], [715, 133]]
(0, 1, 2, 4, 8, 3, 5, 6, 9, 10, 12, 7, 11, 13, 14, 15): [[728, 268, 204, 184], [226, 33]]
(0, 2, 4, 8, 6, 1, 10, 12, 3, 5, 14, 9, 7, 11, 13, 15): [[784, 169, 110, 84], [333, 89]]
(0, 1, 2, 4, 8, 3, 5, 6, 10, 9, 12, 7, 11, 14, 13, 15): [[663, 955, 848, 555], [616, 226]]
(0, 2, 4, 1, 6, 3, 8, 5, 10, 7, 12, 9, 14, 11, 13, 15): [[877, 373, 175, 97], [759, 160]]
(0, 2, 1, 4, 3, 8, 6, 5, 10, 9, 7, 12, 11, 14, 13, 15): [[383, 174, 131, 56], [460, 81]]
(0, 1, 2, 3, 4, 5, 8, 6, 9, 10, 7, 12, 11, 13, 14, 15): [[997, 809, 589, 350], [501, 69]]
(0, 2, 1, 4, 8, 3, 6, 10, 5, 12, 9, 7, 14, 11, 13, 15): [[961, 640, 547, 242], [651, 231]]
(0, 1, 2, 3, 4, 6, 5, 8, 7, 10, 9, 12, 14, 11, 13, 15): [[358, 789, 382, 138], [402, 131]]
(0, 2, 4, 1, 6, 3, 8, 5, 10, 12, 14, 7, 9, 11, 13, 15): [[126, 817, 208, 148], [366, 674]]
(0, 1, 2, 4, 6, 3, 5, 8, 10, 7, 12, 14, 9, 11, 13, 15): [[121, 981, 344, 210], [798, 838]]
(0, 1, 2, 4, 6, 8, 3, 5, 10, 12, 7, 9, 14, 11, 13, 15): [[780, 892, 415, 390], [739, 323]]
(0, 2, 4, 1, 8, 6, 3, 10, 5, 12, 14, 9, 7, 11, 13, 15): [[816, 701, 387, 320], [470, 258]]
(0, 2, 4, 1, 6, 3, 5, 7, 8, 10, 12, 9, 14, 11, 13, 15): [[838, 417, 129, 104], [614, 101]]
(0, 2, 1, 4, 3, 6, 5, 8, 10, 7, 12, 9, 14, 11, 13, 15): [[469, 895, 443, 167], [626, 275]]
(0, 2, 1, 3, 4, 8, 6, 10, 5, 9, 12, 14, 7, 11, 13, 15): [[636, 720, 694, 158], [430, 216]]
(0, 2, 4, 6, 1, 8, 3, 5, 10, 12, 7, 14, 9, 11, 13, 15): [[898, 652, 136, 118], [459, 243]]
(0, 2, 4, 1, 8, 6, 3, 5, 10, 12, 9, 14, 7, 11, 13, 15): [[979, 185, 109, 103], [436, 70]]
(0, 2, 1, 4, 3, 8, 6, 5, 10, 9, 12, 7, 14, 11, 13, 15): [[742, 442, 329, 185], [736, 196]]
(0, 1, 2, 4, 8, 3, 6, 5, 10, 12, 14, 9, 7, 11, 13, 15): [[123, 965, 637, 452], [261, 265]]
(0, 2, 1, 3, 4, 6, 5, 8, 10, 7, 12, 9, 14, 11, 13, 15): [[560, 812, 416, 134], [892, 319]]
(0, 2, 1, 4, 6, 8, 10, 3, 12, 5, 14, 7, 9, 11, 13, 15): [[131, 438, 221, 187], [339, 492]]
(0, 1, 2, 4, 8, 3, 6, 10, 5, 12, 9, 7, 14, 11, 13, 15): [[857, 634, 490, 330], [510, 182]]
(0, 1, 2, 4, 3, 5, 8, 6, 10, 9, 12, 7, 14, 11, 13, 15): [[497, 311, 176, 156], [802, 159]]
(0, 1, 2, 3, 4, 8, 5, 6, 9, 10, 7, 12, 11, 13, 14, 15): [[931, 961, 743, 461], [673, 101]]
(0, 1, 2, 3, 4, 5, 6, 8, 7, 10, 9, 12, 14, 11, 13, 15): [[73, 986, 546, 317], [904, 374]]
(0, 1, 2, 4, 6, 8, 10, 3, 12, 14, 5, 7, 9, 11, 13, 15): [[103, 993, 573, 374], [247, 545]]
(0, 1, 2, 4, 3, 6, 8, 5, 10, 7, 12, 14, 9, 11, 13, 15): [[107, 300, 140, 75], [658, 454]]
(0, 2, 1, 4, 6, 3, 8, 5, 10, 12, 14, 7, 9, 11, 13, 15): [[268, 942, 332, 264], [699, 838]]
(0, 1, 2, 3, 4, 8, 5, 6, 10, 9, 12, 7, 14, 11, 13, 15): [[86, 897, 679, 414], [503, 247]]
(0, 1, 2, 4, 3, 5, 6, 7, 8, 10, 9, 12, 11, 14, 13, 15): [[437, 619, 253, 154], [899, 152]]
(0, 1, 2, 3, 4, 5, 6, 8, 7, 10, 9, 11, 12, 14, 13, 15): [[82, 871, 710, 112], [367, 47]]
(0, 2, 4, 1, 8, 6, 10, 3, 12, 5, 9, 14, 7, 11, 13, 15): [[745, 448, 349, 273], [425, 211]]
(0, 2, 1, 3, 4, 8, 6, 10, 5, 9, 7, 12, 14, 11, 13, 15): [[613, 927, 730, 202], [842, 354]]
(0, 2, 1, 4, 8, 6, 3, 5, 10, 12, 9, 14, 7, 11, 13, 15): [[568, 439, 279, 225], [992, 408]]
(0, 2, 4, 1, 8, 6, 3, 10, 5, 12, 9, 14, 7, 11, 13, 15): [[812, 521, 318, 271], [218, 96]]
(0, 2, 1, 4, 8, 3, 6, 10, 5, 12, 14, 9, 7, 11, 13, 15): [[559, 859, 610, 276], [938, 680]]
(0, 2, 1, 3, 4, 6, 5, 8, 10, 7, 9, 12, 14, 11, 13, 15): [[575, 950, 527, 177], [859, 289]]
(0, 2, 4, 1, 8, 6, 3, 5, 10, 12, 9, 7, 14, 11, 13, 15): [[923, 510, 288, 246], [346, 110]]
(0, 1, 2, 4, 3, 6, 8, 5, 10, 7, 9, 12, 11, 14, 13, 15): [[919, 496, 303, 186], [504, 95]]
(0, 1, 2, 4, 3, 8, 5, 6, 9, 10, 7, 12, 11, 13, 14, 15): [[957, 975, 693, 555], [915, 160]]
(0, 2, 4, 1, 6, 8, 3, 10, 5, 12, 7, 14, 9, 11, 13, 15): [[547, 279, 128, 76], [901, 333]]
(0, 2, 4, 1, 6, 3, 5, 8, 7, 10, 12, 9, 14, 11, 13, 15): [[741, 343, 133, 95], [953, 191]]
(0, 2, 1, 4, 3, 6, 5, 7, 8, 10, 9, 12, 11, 14, 13, 15): [[833, 578, 150, 71], [870, 83]]
(0, 1, 2, 4, 3, 5, 8, 6, 10, 9, 7, 12, 11, 14, 13, 15): [[147, 937, 605, 394], [806, 321]]
(0, 2, 1, 3, 4, 6, 5, 8, 10, 7, 9, 12, 11, 14, 13, 15): [[461, 774, 480, 123], [634, 181]]
(0, 1, 2, 4, 6, 3, 8, 5, 10, 12, 7, 9, 14, 11, 13, 15): [[694, 976, 474, 369], [502, 239]]
(0, 2, 4, 1, 8, 6, 3, 10, 12, 14, 5, 9, 7, 11, 13, 15): [[954, 807, 701, 121], [840, 626]]
(0, 1, 2, 4, 6, 3, 5, 7, 8, 10, 12, 9, 14, 11, 13, 15): [[253, 331, 94, 93], [463, 138]]
(0, 2, 4, 8, 6, 1, 10, 3, 12, 5, 14, 9, 7, 11, 13, 15): [[669, 212, 146, 73], [533, 182]]
(0, 2, 1, 4, 3, 6, 5, 7, 8, 10, 9, 12, 14, 11, 13, 15): [[535, 198, 59, 36], [264, 21]]
(0, 1, 2, 4, 3, 5, 6, 8, 10, 12, 7, 14, 9, 11, 13, 15): [[22, 909, 357, 353], [511, 472]]
(0, 2, 1, 4, 3, 8, 6, 5, 10, 9, 7, 12, 14, 11, 13, 15): [[989, 642, 413, 230], [511, 119]]
(0, 2, 4, 6, 8, 1, 10, 3, 12, 5, 14, 7, 9, 11, 13, 15): [[848, 272, 160, 86], [998, 344]]
(0, 2, 1, 4, 6, 3, 5, 8, 10, 12, 14, 7, 9, 11, 13, 15): [[35, 714, 141, 105], [74, 239]]
(0, 1, 2, 3, 4, 6, 8, 5, 10, 12, 7, 9, 14, 11, 13, 15): [[29, 969, 653, 281], [385, 305]]
(0, 1, 2, 4, 3, 5, 6, 7, 8, 9, 10, 12, 14, 11, 13, 15): [[132, 869, 254, 247], [772, 176]]
(0, 1, 2, 4, 3, 6, 5, 8, 7, 10, 9, 12, 11, 14, 13, 15): [[954, 996, 524, 271], [910, 191]]
(0, 1, 2, 4, 3, 8, 6, 5, 10, 9, 7, 12, 14, 11, 13, 15): [[483, 969, 647, 338], [564, 240]]
(0, 1, 2, 4, 3, 6, 5, 7, 8, 10, 9, 12, 11, 14, 13, 15): [[804, 788, 177, 90], [824, 85]]
(0, 1, 2, 4, 3, 5, 8, 6, 9, 10, 7, 12, 14, 11, 13, 15): [[359, 984, 564, 460], [931, 311]]
(0, 2, 1, 4, 3, 8, 6, 5, 10, 12, 9, 7, 14, 11, 13, 15): [[823, 803, 508, 302], [918, 377]]
(0, 1, 2, 4, 3, 8, 5, 6, 10, 9, 7, 12, 14, 11, 13, 15): [[176, 885, 569, 348], [613, 261]]
(0, 2, 1, 4, 3, 6, 8, 5, 10, 7, 9, 12, 11, 14, 13, 15): [[935, 468, 306, 148], [914, 149]]
(0, 1, 2, 3, 4, 8, 5, 6, 10, 9, 7, 12, 14, 11, 13, 15): [[94, 946, 636, 353], [480, 223]]
(0, 2, 4, 6, 1, 8, 3, 10, 5, 12, 7, 14, 9, 11, 13, 15): [[611, 147, 22, 14], [506, 113]]
(0, 1, 2, 4, 3, 6, 5, 8, 10, 7, 9, 12, 11, 14, 13, 15): [[843, 348, 213, 118], [793, 97]]
(0, 2, 1, 4, 3, 8, 6, 10, 5, 9, 7, 12, 11, 14, 13, 15): [[970, 643, 487, 195], [819, 212]]
(0, 1, 2, 4, 3, 8, 6, 5, 10, 12, 14, 9, 7, 11, 13, 15): [[41, 715, 466, 312], [614, 633]]
(0, 2, 4, 8, 1, 6, 10, 3, 12, 5, 14, 9, 7, 11, 13, 15): [[604, 197, 146, 88], [961, 315]]
(0, 1, 2, 4, 3, 5, 8, 6, 10, 9, 7, 12, 14, 11, 13, 15): [[119, 285, 164, 130], [772, 271]]
(0, 1, 2, 3, 4, 5, 6, 8, 10, 7, 9, 11, 12, 14, 13, 15): [[883, 793, 622, 164], [341, 35]]
(0, 1, 2, 3, 4, 6, 8, 10, 12, 5, 14, 7, 9, 11, 13, 15): [[67, 680, 579, 76], [544, 576]]
(0, 2, 1, 4, 8, 6, 3, 5, 10, 12, 14, 9, 7, 11, 13, 15): [[661, 870, 511, 380], [604, 369]]
(0, 1, 2, 4, 3, 6, 5, 7, 8, 10, 9, 12, 14, 11, 13, 15): [[805, 826, 304, 200], [999, 181]]
(0, 2, 1, 4, 6, 3, 8, 10, 5, 12, 7, 9, 14, 11, 13, 15): [[622, 625, 384, 219], [921, 424]]
(0, 2, 1, 4, 3, 8, 6, 10, 5, 9, 12, 14, 7, 11, 13, 15): [[941, 902, 868, 338], [807, 352]]
(0, 1, 2, 3, 4, 5, 6, 8, 7, 10, 12, 9, 14, 11, 13, 15): [[11, 886, 394, 201], [389, 191]]
(0, 2, 1, 4, 6, 3, 5, 8, 10, 7, 12, 9, 14, 11, 13, 15): [[579, 621, 270, 191], [891, 325]]
(0, 2, 1, 4, 8, 3, 6, 10, 5, 9, 12, 7, 14, 11, 13, 15): [[690, 374, 299, 171], [645, 169]]
(0, 2, 1, 4, 3, 6, 5, 8, 7, 10, 9, 12, 14, 11, 13, 15): [[886, 515, 271, 145], [134, 25]]
(0, 2, 1, 3, 4, 8, 6, 5, 10, 9, 7, 11, 12, 14, 13, 15): [[998, 558, 436, 123], [912, 152]]
(0, 1, 2, 4, 3, 5, 8, 6, 9, 7, 10, 12, 14, 11, 13, 15): [[130, 889, 480, 410], [959, 361]]
(0, 2, 1, 4, 8, 3, 6, 5, 10, 9, 12, 7, 11, 14, 13, 15): [[862, 112, 93, 63], [925, 78]]
(0, 2, 1, 4, 6, 8, 10, 12, 3, 5, 14, 7, 9, 11, 13, 15): [[231, 651, 332, 304], [668, 919]]
(0, 2, 1, 3, 4, 8, 6, 5, 10, 9, 7, 12, 11, 14, 13, 15): [[847, 779, 600, 228], [758, 213]]
(0, 2, 4, 1, 8, 6, 3, 10, 12, 5, 9, 14, 7, 11, 13, 15): [[995, 446, 321, 208], [564, 207]]
(0, 2, 1, 4, 8, 3, 6, 10, 5, 9, 12, 7, 11, 14, 13, 15): [[823, 376, 362, 180], [682, 167]]
(0, 2, 4, 1, 6, 3, 5, 8, 10, 7, 12, 9, 14, 11, 13, 15): [[454, 345, 136, 125], [901, 276]]
(0, 1, 2, 3, 4, 5, 8, 6, 10, 9, 7, 12, 14, 11, 13, 15): [[85, 620, 401, 247], [513, 220]]
(0, 1, 2, 3, 4, 5, 6, 8, 10, 7, 9, 12, 14, 11, 13, 15): [[143, 899, 531, 330], [296, 120]]
(0, 2, 4, 1, 6, 3, 8, 5, 10, 12, 7, 9, 14, 11, 13, 15): [[801, 522, 231, 198], [260, 81]]
(0, 2, 4, 8, 1, 6, 10, 3, 12, 5, 9, 14, 7, 11, 13, 15): [[948, 168, 146, 89], [863, 165]]
(0, 1, 2, 3, 4, 5, 8, 6, 10, 9, 7, 11, 12, 14, 13, 15): [[686, 545, 386, 165], [388, 55]]
(0, 2, 1, 4, 3, 6, 8, 10, 5, 7, 9, 12, 11, 14, 13, 15): [[907, 100, 69, 22], [591, 38]]
(0, 2, 1, 4, 8, 3, 6, 5, 10, 9, 12, 7, 14, 11, 13, 15): [[987, 364, 290, 193], [189, 39]]
(0, 2, 4, 1, 6, 3, 5, 8, 10, 12, 7, 9, 14, 11, 13, 15): [[854, 498, 210, 180], [399, 105]]
(0, 1, 2, 4, 3, 5, 6, 8, 10, 7, 12, 14, 9, 11, 13, 15): [[111, 878, 338, 323], [159, 112]]
(0, 2, 4, 1, 8, 6, 3, 10, 5, 12, 9, 7, 14, 11, 13, 15): [[539, 163, 114, 79], [856, 183]]
(0, 2, 1, 4, 6, 3, 8, 5, 10, 7, 12, 9, 14, 11, 13, 15): [[990, 376, 190, 125], [870, 163]]
(0, 1, 2, 4, 3, 8, 6, 5, 10, 9, 12, 14, 7, 11, 13, 15): [[48, 553, 458, 297], [936, 691]]
(0, 2, 1, 4, 3, 8, 6, 10, 5, 9, 7, 12, 14, 11, 13, 15): [[964, 698, 507, 212], [452, 126]]
(0, 2, 1, 4, 3, 6, 5, 8, 10, 7, 9, 12, 14, 11, 13, 15): [[771, 816, 452, 197], [542, 149]]
(0, 2, 4, 1, 6, 8, 3, 10, 5, 12, 7, 9, 14, 11, 13, 15): [[781, 211, 127, 77], [863, 158]]
(0, 2, 1, 4, 3, 8, 6, 5, 10, 9, 12, 7, 11, 14, 13, 15): [[736, 412, 317, 152], [996, 220]]
(0, 2, 1, 4, 3, 6, 8, 10, 5, 7, 9, 12, 14, 11, 13, 15): [[567, 351, 259, 82], [789, 220]]
(0, 2, 1, 4, 6, 8, 3, 10, 5, 12, 7, 9, 14, 11, 13, 15): [[909, 512, 320, 168], [828, 268]]
(0, 2, 1, 4, 6, 3, 5, 8, 10, 12, 7, 9, 14, 11, 13, 15): [[685, 695, 294, 252], [820, 303]]
(0, 2, 1, 3, 4, 8, 6, 5, 10, 9, 7, 12, 14, 11, 13, 15): [[806, 903, 654, 266], [256, 86]]
(0, 2, 4, 1, 6, 3, 8, 10, 5, 12, 7, 9, 14, 11, 13, 15): [[902, 333, 188, 93], [247, 56]]
(0, 2, 1, 4, 3, 6, 5, 8, 10, 7, 9, 12, 11, 14, 13, 15): [[875, 580, 330, 152], [497, 92]]
(0, 1, 2, 3, 4, 5, 6, 8, 10, 7, 12, 9, 14, 11, 13, 15): [[24, 749, 406, 234], [949, 505]]
(0, 2, 1, 4, 6, 3, 8, 10, 5, 7, 12, 9, 14, 11, 13, 15): [[577, 133, 85, 23], [923, 134]]
(0, 2, 4, 1, 6, 3, 8, 10, 5, 7, 12, 9, 14, 11, 13, 15): [[582, 113, 72, 22], [431, 55]]
